%  hypsometry data
%  created by Bryce Glenn, Julian Cross, and Maciek Obryk
%  orthometric heights
%  based on local datum (WGS84 +53.4 m)
%  Depth h (m)    Area A (m^2)
-4.512	0
-4.412	4
-4.312	24
-4.212	280
-4.112	1740
-4.012	5952
-3.912	13912
-3.812	24796
-3.712	38168
-3.612	54520
-3.512	72468
-3.412	89512
-3.312	104412
-3.212	120072
-3.112	135396
-3.012	150772
-2.912	165984
-2.812	180704
-2.711	194748
-2.611	208852
-2.511	223104
-2.411	235768
-2.311	246504
-2.211	256092
-2.111	265700
-2.011	274992
-1.911	284100
-1.811	293720
-1.711	303532
-1.611	315508
-1.511	327892
-1.411	341728
-1.311	354584
-1.211	367204
-1.111	379604
-1.011	392032
-0.911	405492
-0.811	419844
-0.711	437360
-0.611	458164
-0.511	483636
-0.411	509092
-0.311	530832
-0.211	550272
-0.111	567664
-0.011	584132
0.089	599092
0.189	613680
0.289	627344
0.389	640792
0.489	652924
0.589	664760
0.689	675752
0.789	686084
0.889	695936
0.989	705552
1.089	715404
1.189	724848
1.289	734240
1.389	743788
1.489	753944
1.589	764512
1.689	775156
1.789	785636
1.889	795940
1.989	806476
2.089	817360
2.189	828716
2.289	841260
2.389	856748
2.489	878132
2.589	904740
2.689	932736
2.789	960572
2.889	988076
2.989	1014496
3.089	1040792
3.189	1067752
3.289	1095708
3.389	1123640
3.489	1151576
3.589	1178776
3.689	1204220
3.789	1226268
3.889	1247016
3.989	1267072
4.089	1286404
4.189	1305644
4.289	1326540
4.389	1348564
4.489	1371188
4.589	1394636
4.689	1419304
4.789	1444784
4.889	1470392
4.989	1496384
5.089	1522392
5.189	1549392
5.289	1579888
5.390	1618060
5.490	1663640
5.590	1712972
5.690	1758928
5.790	1799272
5.890	1837536
5.990	1872876
6.090	1906344
6.190	1938220
6.290	1966804
6.390	1995572
6.490	2023980
6.590	2052768
6.690	2079828
6.790	2104492
6.890	2128280
6.990	2151436
7.090	2174664
7.190	2198792
7.290	2223428
7.390	2249688
7.490	2277008
7.590	2305004
7.690	2332796
7.790	2359088
7.890	2384092
7.990	2408744
8.090	2433928
8.190	2459448
8.290	2486076
8.390	2512112
8.490	2540112
8.590	2568304
8.690	2594916
8.790	2620324
8.890	2645116
8.990	2669432
9.090	2692984
9.190	2716404
9.290	2740928
9.390	2765636
9.490	2790684
9.590	2815144
9.690	2838084
9.790	2861128
9.890	2883376
9.990	2905816
10.090	2928556
10.190	2952180
10.290	2976692
10.390	3003964
10.490	3033728
10.590	3066268
10.690	3102420
10.790	3139512
10.890	3178424
10.990	3220244
11.090	3267372
11.190	3325700
11.290	3400420
11.390	3491328
11.490	3597820
11.590	3717452
11.690	3850748
11.790	3991696
11.890	4133712
11.990	4272236
12.090	4402448
12.190	4529432
12.290	4658316
12.390	4784616
12.490	4901864
12.590	4999136
12.690	5075104
12.790	5138464
12.890	5195380
12.990	5247320
13.090	5296176
13.190	5340660
13.290	5380084
13.390	5415212
13.491	5448464
13.591	5480304
13.691	5511012
13.791	5540932
13.891	5571016
13.991	5601036
14.091	5631636
14.191	5662932
14.291	5694440
14.391	5726436
14.491	5758236
14.591	5791176
14.691	5824164
14.791	5856884
14.891	5890100
14.991	5924412
15.091	5959352
15.191	5997120
15.291	6038632
15.391	6085832
15.491	6141688
15.591	6206844
15.691	6280824
15.791	6358616
15.891	6439336
15.991	6522216
16.091	6601628
16.191	6667724
16.291	6724184
16.391	6774072
16.491	6819688
16.591	6861504
16.691	6901228
16.791	6939196
16.891	6974288
16.991	6999940
17.091	7012576
17.191	7020344
17.291	7027836
17.391	7056156
17.491	7150424
17.591	7229188
17.691	7276592
17.791	7318568
17.891	7359080
17.991	7399712
18.091	7441908
18.191	7484060
18.291	7527804
18.391	7572348
18.491	7618888
18.591	7665652
18.691	7711956
18.791	7756092
18.891	7798092
18.991	7840728
19.091	7883192
19.191	7926176
19.291	7970956
19.391	8015832
19.491	8062044
19.591	8109812
19.691	8158780
19.791	8207068
19.891	8255232
19.991	8304540
20.091	8355400
20.191	8410188
20.291	8463012
20.391	8514364
20.491	8562588
20.591	8608828
20.691	8654068
20.791	8697160
20.891	8739368
20.991	8780680
21.091	8820052
21.191	8858736
21.291	8897860
21.391	8937164
21.491	8976932
21.592	9016428
21.692	9056100
21.792	9096784
21.892	9138400
21.992	9180568
22.092	9222572
22.192	9266068
22.292	9310520
22.392	9355600
22.492	9398536
22.592	9441564
22.692	9485564
22.792	9529744
22.892	9572824
22.992	9616180
23.092	9660340
23.192	9705252
23.292	9750108
23.392	9794596
23.492	9839696
23.592	9885620
23.692	9931480
23.792	9976704
23.892	10023916
23.992	10070144
24.092	10116476
24.192	10162352
24.292	10210820
24.392	10259756
24.492	10307852
24.592	10356156
24.692	10404668
24.792	10454064
24.892	10503944
24.992	10555396
25.092	10607272
25.192	10658088
25.292	10706360
25.392	10753512
25.492	10799072
25.592	10843092
25.692	10886440
25.792	10929408
25.892	10972908
25.992	11017728
26.092	11064264
26.192	11110188
26.292	11155516
26.392	11200640
26.492	11245316
26.592	11290692
26.692	11336948
26.792	11385268
26.892	11432972
26.992	11482496
27.092	11531384
27.192	11579168
27.292	11628668
27.392	11677452
27.492	11727004
27.592	11775068
27.692	11822716
27.792	11871008
27.892	11917140
27.992	11962840
28.092	12008316
28.192	12053664
28.292	12097260
28.392	12140236
28.492	12197020
28.592	12250680
28.692	12313616
28.792	12367468
28.892	12414772
28.992	12459136
29.092	12502420
29.192	12546236
29.292	12589792
29.392	12635452
29.492	12681532
29.592	12728944
29.693	12776140
29.793	12822264
29.893	12868200
29.993	12914104
30.093	12960572
30.193	13007528
30.293	13056176
30.393	13105156
30.493	13152852
30.593	13199160
30.693	13247000
30.793	13294172
30.893	13340964
30.993	13394272
31.093	13442700
31.193	13490912
31.293	13539336
31.393	13587032
31.493	13635836
31.593	13690552
31.693	13744520
31.793	13797840
31.893	13849068
31.993	13898800
32.093	13948108
32.193	13996912
32.293	14045608
32.393	14095868
32.493	14146772
32.593	14198596
32.693	14249516
32.793	14299992
32.893	14351772
32.993	14404480
33.093	14458780
33.193	14516008
33.293	14574224
33.393	14632900
33.493	14691432
33.593	14758308
33.693	14820516
33.793	14881124
33.893	14941172
33.993	14999672
34.093	15058444
34.193	15117252
34.293	15175416
34.393	15233152
34.493	15290492
34.593	15350776
34.693	15406600
34.793	15462276
34.893	15518496
34.993	15574308
35.093	15630220
35.193	15685828
35.293	15742212
35.393	15797904
35.493	15853096
35.593	15908572
35.693	15963496
35.793	16018048
35.893	16072916
35.993	16127300
36.093	16183048
36.193	16238796
36.293	16291612
36.393	16342720
36.493	16393200
36.593	16442144
36.693	16490984
36.793	16540252
36.893	16591204
36.993	16643052
37.093	16694256
37.193	16744780
37.293	16795816
37.393	16845704
37.493	16894140
37.593	16942420
37.693	16989556
37.793	17036408
37.894	17083404
37.994	17129492
38.094	17175088
38.194	17221604
38.294	17266384
38.394	17311488
38.494	17355908
38.594	17399696
38.694	17444160
38.794	17488176
38.894	17532588
38.994	17578888
39.094	17626120
39.194	17674284
39.294	17723584
39.394	17771036
39.494	17818916
39.594	17865996
39.694	17914024
39.794	17959888
39.894	18003404
39.994	18046508
40.094	18088420
40.194	18128960
40.294	18168300
40.394	18208224
40.494	18249116
40.594	18290324
40.694	18332536
40.794	18373756
40.894	18414052
40.994	18454088
41.094	18493052
41.194	18532052
41.294	18571012
41.394	18609504
41.494	18645624
41.594	18682124
41.694	18718464
41.794	18754488
41.894	18791240
41.994	18827992
42.094	18864088
42.194	18898612
42.294	18932264
42.394	18966068
42.494	18997784
42.594	19029028
42.694	19059720
42.794	19091568
42.894	19123132
42.994	19153936
43.094	19184760
43.194	19215456
43.294	19245776
43.394	19276296
43.494	19305980
43.594	19336368
43.694	19366136
43.794	19396548
43.894	19427928
43.994	19459516
44.094	19490436
44.194	19522328
44.294	19554052
44.394	19585520
44.494	19618332
44.594	19650800
44.694	19683312
44.794	19715060
44.894	19746348
44.994	19778312
45.094	19810144
45.194	19841784
45.294	19873204
45.394	19904452
45.494	19934432
45.594	19964424
45.694	19995148
45.794	20025192
45.894	20054884
45.995	20084460
46.095	20114456
46.195	20144636
46.295	20174824
46.395	20205124
46.495	20236036
46.595	20267068
46.695	20297784
46.795	20328084
46.895	20358500
46.995	20388004
47.095	20417752
47.195	20446908
47.295	20476332
47.395	20505484
47.495	20534504
47.595	20563480
47.695	20592344
47.795	20621224
47.895	20649676
47.995	20678788
48.095	20708012
48.195	20737720
48.295	20766680
48.395	20796012
48.495	20825108
48.595	20854784
48.695	20884700
48.795	20914188
48.895	20944336
48.995	20974628
49.095	21005816
49.195	21037116
49.295	21068784
49.395	21100784
49.495	21132496
49.595	21163800
49.695	21195196
49.795	21226928
49.895	21259700
49.995	21293248
50.095	21326816
50.195	21360344
50.295	21392732
50.395	21425484
50.495	21457888
50.595	21490060
50.695	21523356
50.795	21556008
50.895	21588980
50.995	21622588
51.095	21657200
51.195	21690312
51.295	21722248
51.395	21754684
51.495	21786992
51.595	21819296
51.695	21851016
51.795	21882256
51.895	21913648
51.995	21945104
52.095	21975404
52.195	22006768
52.295	22038596
52.395	22069584
52.495	22100780
52.595	22131140
52.695	22160668
52.795	22189588
52.895	22218972
52.995	22247984
53.095	22277040
53.195	22306284
53.295	22335724
53.395	22365684
53.495	22395236
53.595	22425444
53.695	22455656
53.795	22485696
53.895	22515972
53.995	22545432
54.096	22575132
54.196	22604636
54.296	22634748
54.396	22664532
54.496	22695016
54.596	22725520
54.696	22756280
54.796	22786740
54.896	22817716
54.996	22849408
55.096	22881792
55.196	22914356
55.296	22948012
55.396	22982916
55.496	23018108
55.596	23052180
55.696	23086616
55.796	23119760
55.896	23153732
55.996	23187772
56.096	23222272
56.196	23257840
56.296	23293152
56.396	23327176
56.496	23361904
56.596	23395544
56.696	23429248
56.796	23462532
56.896	23494628
56.996	23525628
57.096	23555608
57.196	23584948
57.296	23614588
57.396	23645036
57.496	23675532
57.596	23705756
57.696	23736112
57.796	23766004
57.896	23796272
57.996	23824952
58.096	23854696
58.196	23884632
58.296	23915268
58.396	23945964
58.496	23977068
58.596	24007836
58.696	24038924
58.796	24069832
58.896	24099992
58.996	24129684
59.096	24158948
59.196	24188456
59.296	24217692
59.396	24247708
59.496	24278144
59.596	24311164
59.696	24344692
59.796	24376280
59.896	24407280
59.996	24438552
60.096	24470352
60.196	24502704
60.296	24534812
60.396	24566828
60.496	24598976
60.596	24631052
60.696	24662852
60.796	24695124
60.896	24727944
60.996	24761304
61.096	24794020
61.196	24826340
61.296	24858064
61.396	24889324
61.496	24920516
61.596	24950508
61.696	24980744
61.796	25010384
61.896	25040072
61.996	25069772
62.096	25099100
62.197	25128176
62.297	25158348
62.397	25187900
62.497	25218040
62.597	25247924
62.697	25277308
62.797	25306116
62.897	25334304
62.997	25361768
63.097	25389212
63.197	25417552
63.297	25443972
63.397	25470560
63.497	25496580
63.597	25522544
63.697	25547988
63.797	25573300
63.897	25598940
63.997	25624740
64.097	25650900
64.197	25677028
64.297	25702284
64.397	25727068
64.497	25752188
64.597	25776940
64.697	25801280
64.797	25825584
64.897	25849820
64.997	25873600
65.097	25897776
65.197	25921592
65.297	25945996
65.397	25969628
65.497	25993512
65.597	26018524
65.697	26043520
65.797	26068204
65.897	26092800
65.997	26116872
66.097	26140624
66.197	26164620
66.297	26189136
66.397	26214208
66.497	26240188
66.597	26266972
66.697	26293656
66.797	26320784
66.897	26348340
66.997	26376644
67.097	26404620
67.197	26432332
67.297	26461224
67.397	26489788
67.497	26517716
67.597	26545144
67.697	26572780
67.797	26599768
67.897	26625824
67.997	26652824
68.097	26679380
68.197	26706132
68.297	26733392
68.397	26760912
68.497	26788072
68.597	26815256
68.697	26842764
68.797	26870392
68.897	26897644
68.997	26925552
69.097	26952296
69.197	26978448
69.297	27004868
69.397	27031164
69.497	27057724
69.597	27084680
69.697	27114768
69.797	27144672
69.897	27171264
69.997	27197908
70.097	27224396
70.197	27250396
70.298	27279200
70.398	27307696
70.498	27336352
70.598	27363856
70.698	27391224
70.798	27417520
70.898	27443452
70.998	27469284
71.098	27495892
71.198	27521864
71.298	27547584
71.398	27572928
71.498	27598532
71.598	27623620
71.698	27649524
71.798	27675140
71.898	27701176
71.998	27727508
72.098	27752464
72.198	27777256
72.298	27802624
72.398	27827584
72.498	27852344
72.598	27876776
72.698	27901348
72.798	27925576
72.898	27950268
72.998	27974768
73.098	27998980
73.198	28023400
73.298	28047592
73.398	28072332
73.498	28097508
73.598	28123268
73.698	28148884
73.798	28174556
73.898	28200640
73.998	28226728
74.098	28252844
74.198	28279224
74.298	28305708
74.398	28332204
74.498	28358344
74.598	28385704
74.698	28413532
74.798	28441992
74.898	28470120
74.998	28498536
75.098	28528092
75.198	28557760
75.298	28588204
75.398	28618700
75.498	28649468
75.598	28679976
75.698	28709260
75.798	28738912
75.898	28768636
75.998	28798212
76.098	28827868
76.198	28857276
76.298	28886976
76.398	28916412
76.498	28945540
76.598	28974304
76.698	29002712
76.798	29031892
76.898	29060140
76.998	29088488
77.098	29116388
77.198	29144288
77.298	29173136
77.398	29202076
77.498	29232184
77.598	29262908
77.698	29293628
77.798	29324068
77.898	29353884
77.998	29383256
78.098	29412876
78.198	29442564
78.298	29471848
78.399	29500948
78.499	29530252
78.599	29559500
78.699	29589036
78.799	29618048
78.899	29648044
78.999	29677476
79.099	29706712
79.199	29736220
79.299	29766756
79.399	29796292
79.499	29825804
79.599	29855660
79.699	29885360
79.799	29915612
79.899	29946896
79.999	29978016
80.099	30009228
80.199	30041160
80.299	30073048
80.399	30105584
80.499	30137224
80.599	30170504
80.699	30203424
80.799	30236864
80.899	30270724
80.999	30304960
81.099	30340536
81.199	30376780
81.299	30414096
81.399	30451532
81.499	30490260
81.599	30530084
81.699	30570944
81.799	30611828
81.899	30653524
81.999	30695612
82.099	30737808
82.199	30780928
82.299	30825312
82.399	30871420
82.499	30919480
82.599	30967564
82.699	31015956
82.799	31064552
82.899	31113640
82.999	31161768
83.099	31211196
83.199	31258576
83.299	31306620
83.399	31353780
83.499	31400304
83.599	31446992
83.699	31493312
83.799	31539540
83.899	31585888
83.999	31631584
84.099	31677764
84.199	31723528
84.299	31768568
84.399	31813896
84.499	31859888
84.599	31905284
84.699	31950068
84.799	31995516
84.899	32039800
84.999	32084096
85.099	32127780
85.199	32172448
85.299	32218604
85.399	32265664
85.499	32313660
85.599	32361388
85.699	32407684
85.799	32453408
85.899	32499276
85.999	32545724
86.099	32592528
86.199	32639344
86.299	32685508
86.399	32733212
86.499	32781720
86.600	32830132
86.700	32880076
86.800	32929192
86.900	32977528
87.000	33025728
87.100	33073032
87.200	33121468
87.300	33169636
87.400	33217264
87.500	33264864
87.600	33313780
87.700	33362520
87.800	33411752
87.900	33461260
88.000	33510568
88.100	33559720
88.200	33609256
88.300	33658704
88.400	33707972
88.500	33758332
88.600	33809384
88.700	33860796
88.800	33911200
88.900	33961980
89.000	34011848
89.100	34061836
89.200	34110264
89.300	34159736
89.400	34209688
89.500	34259780
89.600	34309392
89.700	34360004
89.800	34410064
89.900	34461020
90.000	34511852
90.100	34562044
90.200	34613220
90.300	34665584
90.400	34720368
90.500	34774804
90.600	34828960
90.700	34884556
90.800	34940924
90.900	34996376
91.000	35050492
91.100	35104640
91.200	35158000
91.300	35210076
91.400	35259356
91.500	35308424
91.600	35356572
91.700	35403604
91.800	35450840
91.900	35499328
92.000	35548360
92.100	35597456
92.200	35645952
92.300	35693396
92.400	35741204
92.500	35788488
92.600	35836552
92.700	35883560
92.800	35930352
92.900	35977368
93.000	36024364
93.100	36070548
93.200	36116092
93.300	36161744
93.400	36206112
93.500	36250828
93.600	36295380
93.700	36340576
93.800	36385980
93.900	36431640
94.000	36476544
94.100	36523388
94.200	36570460
94.300	36617944
94.400	36667056
94.500	36716956
94.600	36766656
94.701	36818448
94.801	36870420
94.901	36921300
95.001	36970960
95.101	37019648
95.180	40762448
95.280	40817960
95.380	40870980
95.480	40923932
95.580	40977336
95.680	41031528
95.780	41085076
95.880	41138604
95.980	41192384
96.080	41247700
96.180	41302988
96.280	41356932
96.380	41410504
96.480	41465780
96.580	41519884
96.680	41575680
96.780	41635648
96.880	41696508
96.980	41754960
97.080	41811220
97.180	41865768
97.280	41920508
97.380	41974908
97.480	42028424
97.580	42083212
97.680	42136996
97.780	42190112
97.880	42246592
97.980	42303984
98.080	42362248
98.180	42420884
98.280	42479500
98.380	42557000
98.480	42653144
98.580	42734712
98.679	42808952
98.779	42880068
98.879	42953512
98.979	43032276
99.079	43109676
99.179	43184336
99.279	43260732
99.379	43334200
99.479	43408012
99.579	43481560
99.679	43555284
99.779	43627248
99.879	43700072
99.979	43772716
100.079	43843992
100.179	43912844
100.279	43981856
100.379	44048104
100.479	44112884
100.579	44177220
100.679	44242260
100.779	44307660
100.879	44374076
100.979	44439032
101.079	44503684
101.179	44566936
101.279	44628764
101.379	44688884
101.479	44749800
101.579	44810556
101.679	44870268
101.779	44928408
101.879	44987032
101.979	45044592
102.079	45102468
102.179	45160220
102.279	45217608
102.379	45274284
102.479	45330772
102.579	45388872
102.679	45447880
102.779	45506268
102.879	45564868
102.979	45622744
103.079	45680296
103.179	45736336
103.279	45791536
103.379	45848808
103.479	45906708
103.579	45964888
103.679	46024928
103.779	46083444
103.879	46141364
103.979	46198760
104.079	46257120
104.179	46317204
104.279	46376944
104.379	46437916
104.479	46497108
104.579	46555608
104.679	46614800
104.779	46673016
104.879	46729164
104.979	46785212
105.079	46839616
105.179	46894456
105.279	46949004
105.379	47003416
105.479	47058944
105.579	47115216
105.679	47170932
105.779	47226776
105.879	47280900
105.979	47334976
106.079	47389412
106.179	47444932
106.279	47500572
106.379	47556536
106.479	47612772
106.579	47669372
106.679	47726536
106.779	47785152
106.879	47843776
106.979	47901112
107.079	47959152
107.179	48017104
107.279	48074016
107.379	48131116
107.479	48185632
107.579	48241452
107.679	48295928
107.779	48350716
107.879	48404448
107.979	48458084
108.079	48510896
108.179	48565280
108.279	48618568
108.379	48671284
108.479	48724080
108.579	48777016
108.679	48832036
108.779	48887560
108.879	48940072
108.979	48991476
109.079	49043204
109.179	49094364
109.279	49145224
109.379	49196992
109.479	49248704
109.579	49299136
109.679	49349956
109.779	49399864
109.879	49450656
109.979	49500012
110.079	49549312
110.179	49597264
110.279	49645896
110.378	49693272
110.478	49740256
110.578	49787712
110.678	49835048
110.778	49880868
110.878	49927348
110.978	49973728
111.078	50018804
111.178	50064612
111.278	50109412
111.378	50155272
111.478	50200124
111.578	50246472
111.678	50291868
111.778	50337624
111.878	50382656
111.978	50427612
112.078	50473312
112.178	50519932
112.278	50566156
112.378	50612472
112.478	50659376
112.578	50705844
112.678	50752260
112.778	50798976
112.878	50845236
112.978	50891300
113.078	50938068
113.178	50984612
113.278	51031052
113.378	51077656
113.478	51123556
113.578	51169404
113.678	51215020
113.778	51260464
113.878	51306936
113.978	51353452
114.078	51399472
114.178	51445068
114.278	51490788
114.378	51536996
114.478	51583884
114.578	51630620
114.678	51675696
114.778	51721376
114.878	51769232
114.978	51816528
115.078	51863588
115.178	51910108
115.278	51957448
115.378	52004508
115.478	52052696
115.578	52099588
115.678	52146848
115.778	52194412
115.878	52240712
115.978	52286464
116.078	52332072
116.178	52377544
116.278	52423304
116.378	52468188
116.478	52514480
116.578	52560804
116.678	52607264
116.778	52653884
116.878	52700512
116.978	52746260
117.078	52792820
117.178	52839108
117.278	52884888
117.378	52929312
117.478	52974640
117.578	53020336
117.678	53065944
117.778	53112076
117.878	53158864
117.978	53204704
118.078	53250792
118.178	53296848
118.278	53342700
118.378	53386676
118.478	53430176
118.578	53472088
118.678	53514524
118.778	53557064
118.878	53599376
118.978	53640924
119.078	53681336
119.178	53721116
119.278	53759216
119.378	53798832
119.478	53837788
119.578	53877840
119.678	53917672
119.778	53957244
119.878	53998036
119.978	54038536
120.078	54078604
120.178	54120140
120.278	54161336
120.378	54201876
120.478	54243880
120.578	54286472
120.678	54328652
120.778	54371712
120.878	54416944
120.978	54462120
121.078	54507264
121.178	54551848
121.278	54595268
121.378	54638544
121.478	54680852
121.578	54723448
121.678	54765776
121.778	54810156
121.878	54853836
121.978	54895760
122.078	54937176
122.177	54978196
122.277	55018960
122.377	55059096
122.477	55098328
122.577	55137288
122.677	55176856
122.777	55215760
122.877	55254436
122.977	55293172
123.077	55331104
123.177	55369456
123.277	55407252
123.377	55444256
123.477	55481700
123.577	55519696
123.677	55557780
123.777	55596940
123.877	55635664
123.977	55673744
124.077	55712460
124.177	55750992
124.277	55789848
124.377	55828384
124.477	55867516
124.577	55907420
124.677	55947756
124.777	55988364
124.877	56028068
124.977	56068476
125.077	56109492
125.177	56150280
125.277	56191572
125.377	56232564
125.477	56273312
125.577	56314608
125.677	56355476
125.777	56396552
125.877	56437796
125.977	56478744
126.077	56518964
126.177	56559212
126.277	56599684
126.377	56640048
126.477	56680516
126.577	56720704
126.677	56760416
126.777	56799980
126.877	56841196
126.977	56881900
127.077	56922704
127.177	56963836
127.277	57004220
127.377	57046532
127.477	57089420
127.577	57132812
127.677	57175684
127.777	57219416
127.877	57262460
127.977	57304312
128.077	57346108
128.177	57387596
128.277	57428896
128.377	57470296
128.477	57511596
128.577	57551696
128.677	57592416
128.777	57633140
128.877	57674396
128.977	57714760
129.077	57755252
129.177	57795380
129.277	57837288
129.377	57878440
129.477	57918636
129.577	57959668
129.677	58000744
129.777	58041000
129.877	58081688
129.977	58122152
130.077	58163220
130.177	58204884
130.277	58244644
130.377	58284540
130.477	58324648
130.577	58366208
130.677	58408840
130.777	58448680
130.877	58488104
130.977	58528024
131.077	58568108
131.177	58607900
131.277	58647112
131.377	58686420
131.477	58725112
131.577	58764988
131.677	58804284
131.777	58844200
131.877	58884128
131.977	58923076
132.077	58962792
132.177	59003372
132.277	59044524
132.377	59088720
132.477	59132728
132.577	59176608
132.677	59219912
132.777	59262808
132.877	59306148
132.977	59348904
133.077	59391956
133.177	59434480
133.277	59477336
133.377	59520132
133.477	59562372
133.577	59604704
133.677	59647200
133.777	59690480
133.876	59733988
133.976	59777960
134.076	59823160
134.176	59868720
134.276	59915216
134.376	59961784
134.476	60007516
134.576	60053096
134.676	60097320
134.776	60141656
134.876	60185808
134.976	60229788
135.076	60274484
135.176	60319884
135.276	60363556
135.376	60408016
135.476	60452028
135.576	60496884
135.676	60540748
135.776	60584884
135.876	60628856
135.976	60672100
136.076	60716024
136.176	60758620
136.276	60801868
136.376	60844324
136.476	60886068
136.576	60927416
136.676	60969448
136.776	61011956
136.876	61054676
136.976	61097392
137.076	61140164
137.176	61182664
137.276	61226044
137.376	61268892
137.476	61311804
137.576	61353648
137.676	61395992
137.776	61439160
137.876	61482584
137.976	61525768
138.076	61568908
138.176	61611124
138.276	61652448
138.376	61693568
138.476	61733988
138.576	61774364
138.676	61814956
138.776	61856044
138.876	61895616
138.976	61935192
139.076	61974772
139.176	62014344
139.276	62053992
139.376	62094444
139.476	62134708
139.576	62174684
139.676	62214200
139.776	62254200
139.876	62293752
139.976	62333016
140.076	62372748
140.176	62412128
140.276	62451724
140.376	62491476
140.476	62530900
140.576	62570288
140.676	62609692
140.776	62649748
140.876	62690344
140.976	62730968
141.076	62771288
141.176	62810524
141.276	62849084
141.376	62887732
141.476	62925880
141.576	62964428
141.676	63002592
141.776	63041576
141.876	63078988
141.976	63117768
142.076	63157120
142.176	63196956
142.276	63236620
142.376	63276360
142.476	63315728
142.576	63355084
142.676	63394540
142.776	63433612
142.876	63473892
142.976	63512872
143.076	63552532
143.176	63592432
143.276	63632284
143.376	63671852
143.476	63711320
143.576	63750880
143.676	63790044
143.776	63828724
143.876	63866808
143.976	63905772
144.076	63944064
144.176	63982872
144.276	64022772
144.376	64062072
144.476	64100904
144.576	64140636
144.676	64179928
144.776	64219744
144.876	64258848
144.976	64298000
145.076	64335876
145.176	64374448
145.276	64411928
145.376	64450096
145.476	64488968
145.575	64527620
145.675	64566544
145.775	64604428
145.875	64642108
145.975	64679928
146.075	64716840
146.175	64753948
146.275	64790880
146.375	64828212
146.475	64865764
146.575	64903380
146.675	64940388
146.775	64977164
146.875	65014796
146.975	65052668
147.075	65090380
147.175	65127876
147.275	65164824
147.375	65201848
147.475	65238452
147.575	65274920
147.675	65311996
147.775	65349004
147.875	65387276
147.975	65426232
148.075	65465204
148.175	65504424
148.275	65543136
148.375	65582604
148.475	65622664
148.575	65661844
148.675	65701248
148.775	65740740
148.875	65780192
148.975	65820448
149.075	65859624
149.175	65899308
149.275	65938748
149.375	65978588
149.475	66017852
149.575	66057756
149.675	66097648
149.775	66137692
149.875	66176772
149.975	66215712
150.075	66255000
150.175	66294476
150.275	66333904
150.375	66373208
150.475	66413384
150.575	66453484
150.675	66494016
150.775	66535324
150.875	66577740
150.975	66620408
151.075	66662516
151.175	66704996
151.275	66746620
151.375	66788520
151.475	66829972
151.575	66871176
151.675	66911932
151.775	66953016
151.875	66994292
151.975	67034848
152.075	67076660
152.175	67119240
152.275	67161936
152.375	67205312
152.475	67248464
152.575	67292420
152.675	67336180
152.775	67380740
152.875	67423424
152.975	67466000
153.075	67508572
153.175	67552280
153.275	67595308
153.375	67637844
153.475	67679168
153.575	67721228
153.675	67762332
153.775	67802960
153.875	67842240
153.975	67881068
154.075	67919476
154.175	67957684
154.275	67995828
154.375	68033924
154.475	68072340
154.575	68110752
154.675	68149944
154.775	68189708
154.875	68230156
154.975	68270320
155.075	68310648
155.175	68351544
155.275	68392272
155.375	68432740
155.475	68472612
155.575	68513088
155.675	68552108
155.775	68591740
155.875	68631400
155.975	68670844
156.075	68709420
156.175	68720552
156.275	68721020
156.375	68721412
156.5	85131228
156.6	85187560
156.7	85242912
156.8	85298400
156.9	85353064
157.0	85408592
157.1	85464652
157.2	85520600
157.3	85576812
157.4	85633612
157.5	85689628
157.6	85745908
157.7	85801560
157.8	85858404
157.9	85915688
158.0	85976632
158.1	86035992
158.2	86094968
158.3	86153732
158.4	86212536
158.5	86269276
158.6	86327976
158.7	86386876
158.8	86446468
158.9	86504580
159.0	86562744
159.1	86620724
159.2	86678260
159.3	86736940
159.4	86795700
159.5	86854596
159.6	86913436
159.7	86971924
159.8	87030648
159.9	87089720
160.0	87149140
160.1	87207800
160.2	87266548
160.3	87326116
160.4	87385428
160.5	87444492
160.6	87504820
160.7	87564864
160.8	87624300
160.9	87684064
161.0	87744160
161.1	87803968
161.2	87864236
161.3	87924092
161.4	87984688
161.5	88044668
161.6	88104576
161.7	88164948
161.8	88224968
161.9	88286256
162.0	88346652
162.1	88406448
162.2	88467636
162.3	88529644
162.4	88590848
162.5	88652068
162.6	88712956
162.7	88773516
162.8	88835356
162.9	88896940
163.0	88958848
163.1	89022608
163.2	89084708
163.3	89146632
163.4	89209432
163.5	89272876
163.6	89336092
163.7	89399644
163.8	89463860
163.9	89527764
164.0	89590988
164.1	89654104
164.2	89716244
164.3	89778044
164.4	89840236
164.5	89903336
164.6	89965388
164.7	90026852
164.8	90088064
164.9	90150104
165.0	90210920
165.1	90273424
165.2	90335344
165.3	90398508
165.4	90463408
165.5	90528488
165.6	90594364
165.7	90660768
165.8	90727872
165.9	90794252
166.0	90860160
166.1	90925504
166.2	90990228
166.3	91056184
166.4	91122840
166.5	91189368
166.6	91255640
166.7	91323196
166.8	91391360
166.9	91459276
167.0	91528216
167.1	91597756
167.2	91667900
167.3	91738856
167.4	91808624
167.5	91878648
167.6	91949764
167.7	92020000
167.8	92089276
167.9	92159156
168.0	92228316
168.1	92297464
168.2	92365232
168.3	92433500
168.4	92501564
168.5	92570396
168.6	92638872
168.7	92708040
168.8	92775108
168.9	92843320
169.0	92912188
169.1	92981652
169.2	93051020
169.3	93119416
169.4	93187220
169.5	93255156
169.6	93321416
169.7	93388180
169.8	93453396
169.9	93518856
170.0	93583256
170.1	93648628
170.2	93713700
170.3	93778236
170.4	93842688
170.5	93907340
170.6	93971072
170.7	94035568
170.8	94099692
170.9	94163540
171.0	94228696
171.1	94293240
171.2	94357464
171.3	94423320
171.4	94489368
171.5	94554892
171.6	94621584
171.7	94688960
171.8	94757124
171.9	94824952
172.0	94893636
172.1	94962152
172.2	95030664
172.3	95098972
172.4	95167588
172.5	95236244
172.6	95306812
172.7	95378800
172.8	95450464
172.9	95520468
173.0	95588872
173.1	95656268
173.2	95724180
173.3	95790524
173.4	95858680
173.5	95926680
173.6	95994280
173.7	96063080
173.8	96131508
173.9	96201240
174.0	96270916
174.1	96338364
174.2	96405488
174.3	96472976
174.4	96539660
174.5	96606732
174.6	96674052
174.7	96740516
174.8	96806284
174.9	96870972
175.0	96934900
175.1	96999564
175.2	97063332
175.3	97126824
175.4	97191016
175.5	97255620
175.6	97318776
175.7	97381500
175.8	97445100
175.9	97508048
176.0	97571424
176.1	97634912
176.2	97698476
176.3	97761300
176.4	97824924
176.5	97889272
176.6	97954392
176.7	98019536
176.8	98084624
176.9	98149056
177.0	98212976
177.1	98278648
177.2	98342380
177.3	98407248
177.4	98472816
177.5	98538044
177.6	98604800
177.7	98671132
177.8	98737340
177.9	98802988
178.0	98868632
178.1	98935508
178.2	99001904
178.3	99068604
178.4	99135720
178.5	99203256
178.6	99270076
178.7	99337352
178.8	99405072
178.9	99471368
179.0	99538212
179.1	99605764
179.2	99672896
179.3	99739576
179.4	99806328
179.5	99873208
179.6	99939684
179.7	100007256
179.8	100074140
179.9	100140328
180.0	100205840
180.1	100272268
180.2	100337636
180.3	100403324
180.4	100468988
180.5	100534232
180.6	100600160
180.7	100666360
180.8	100733828
180.9	100801416
181.0	100868336
181.1	100935120
181.2	101001644
181.3	101067772
181.4	101135028
181.5	101201884
181.6	101268784
181.7	101335284
181.8	101402776
181.9	101470868
182.0	101537280
182.1	101605152
182.2	101672148
182.3	101737548
182.4	101804120
182.5	101870068
182.6	101935496
182.7	102000336
182.8	102064952
182.9	102130808
183.0	102196708
183.1	102263008
183.2	102329392
183.3	102395004
183.4	102459324
183.5	102523804
183.6	102587728
183.7	102651232
183.8	102715168
183.9	102778764
184.0	102842888
184.1	102906032
184.2	102970212
184.3	103033224
184.4	103096928
184.5	103159560
184.6	103222088
184.7	103284640
184.8	103347336
184.9	103410596
185.0	103473508
185.1	103536520
185.2	103600000
185.3	103663872
185.4	103727852
185.5	103790928
185.6	103853552
185.7	103916092
185.8	103979232
185.9	104041400
186.0	104102796
186.1	104164848
186.2	104227716
186.3	104289488
186.4	104351024
186.5	104413612
186.6	104474248
186.7	104535788
186.8	104596572
186.9	104657700
187.0	104718280
187.1	104779364
187.2	104840324
187.3	104901468
187.4	104963064
187.5	105024164
187.6	105084868
187.7	105145936
187.8	105207640
187.9	105269076
188.0	105330652
188.1	105392064
188.2	105453488
188.3	105515172
188.4	105576876
188.5	105639152
188.6	105701144
188.7	105762404
188.8	105824000
188.9	105885540
189.0	105946236
189.1	106007272
189.2	106067388
189.3	106128196
189.4	106189380
189.5	106250632
189.6	106311648
189.7	106372768
189.8	106433836
189.9	106495388
190.0	106555912
190.1	106616000
190.2	106675648
190.3	106735640
190.4	106795720
190.5	106856028
190.6	106916608
190.7	106976580
190.8	107036808
190.9	107096624
191.0	107156420
191.1	107217172
191.2	107276948
191.3	107337248
191.4	107397260
191.5	107458104
191.6	107518480
191.7	107578920
191.8	107639452
191.9	107699964
192.0	107761416
192.1	107823352
192.2	107884832
192.3	107946420
192.4	108007596
192.5	108069572
192.6	108131100
192.7	108192528
192.8	108254496
192.9	108316312
193.0	108378496
193.1	108441548
193.2	108505100
193.3	108568408
193.4	108630656
193.5	108693196
193.6	108755536
193.7	108818176
193.8	108880344
193.9	108941396
194.0	109003916
194.1	109065916
194.2	109128424
194.3	109190020
194.4	109252848
194.5	109314704
194.6	109377936
194.7	109440300
194.8	109503608
194.9	109565908
195.0	109628908
195.1	109691816
195.2	109754868
195.3	109817588
195.4	109880184
195.5	109942464
195.6	110004088
195.7	110065600
195.8	110127032
195.9	110187992
196.0	110248748
196.1	110310236
196.2	110370960
196.3	110432048
196.4	110493724
196.5	110554720
196.6	110616948
196.7	110679264
196.8	110740132
196.9	110801008
197.0	110862324
197.1	110923096
197.2	110984560
197.3	111046428
197.4	111108080
197.5	111170312
197.6	111232248
197.7	111293084
197.8	111354536
197.9	111416108
198.0	111477852
198.1	111539372
198.2	111600448
198.3	111662360
198.4	111723952
198.5	111785444
198.6	111847168
198.7	111909324
198.8	111970412
198.9	112032000
199.0	112093664
199.1	112154512
199.2	112215612
199.3	112275484
199.4	112335688
199.5	112396324
199.6	112456676
199.7	112516120
199.8	112576352
199.9	112636968
200.0	112697432
200.1	112756332
200.2	112816236
200.3	112876068
200.4	112936304
200.5	112996260
200.6	113055692
200.7	113115224
200.8	113174528
200.9	113234348
201.0	113294084
201.1	113352868
201.2	113411160
201.3	113469476
201.4	113526752
201.5	113585272
201.6	113643028
201.7	113701156
201.8	113758600
201.9	113816136
202.0	113873784
202.1	113931716
202.2	113989132
202.3	114046456
202.4	114104056
202.5	114161252
202.6	114218224
202.7	114275696
202.8	114332664
202.9	114389084
203.0	114446668
203.1	114502980
203.2	114559668
203.3	114616740
203.4	114674516
203.5	114731580
203.6	114788464
203.7	114846172
203.8	114903740
203.9	114960788
204.0	115017064
204.1	115074388
204.2	115130692
204.3	115187952
204.4	115246176
204.5	115302736
204.6	115360980
204.7	115418604
204.8	115475224
204.9	115532508
205.0	115589868
205.1	115647192
205.2	115704652
205.3	115762976
205.4	115821280
205.5	115877836
205.6	115936644
205.7	115995124
205.8	116052716
205.9	116111468
206.0	116170920
206.1	116229608
206.2	116290200
206.3	116351168
206.4	116411328
206.5	116472900
206.6	116535708
206.7	116596872
206.8	116660136
206.9	116722644
207.0	116785488
207.1	116850084
207.2	116916520
207.3	116979104
207.4	117042944
207.5	117105088
207.6	117166368
207.7	117229004
207.8	117291596
207.9	117352732
208.0	117414144
208.1	117475896
208.2	117536316
208.3	117597440
208.4	117658460
208.5	117718408
208.6	117779740
208.7	117840700
208.8	117901616
208.9	117962604
209.0	118024552
209.1	118084836
209.2	118146028
209.3	118207700
209.4	118267888
209.5	118328444
209.6	118388844
209.7	118447592
209.8	118507964
209.9	118568220
210.0	118626988
210.1	118687872
210.2	118748956
210.3	118809196
210.4	118870688
210.5	118932728
210.6	118992504
210.7	119053520
210.8	119115044
210.9	119174592
211.0	119235252
211.1	119295476
211.2	119354572
211.3	119414824
211.4	119475024
211.5	119533760
211.6	119593256
211.7	119652528
211.8	119711956
211.9	119771880
212.0	119831632
212.1	119889324
212.2	119948128
212.3	120007440
212.4	120065272
212.5	120123204
212.6	120181832
212.7	120239124
212.8	120297200
212.9	120356372
213.0	120413512
213.1	120472088
213.2	120531856
213.3	120590212
213.4	120650840
213.5	120710032
213.6	120768596
213.7	120828452
213.8	120888260
213.9	120946712
214.0	121006832
214.1	121066212
214.2	121124320
214.3	121183464
214.4	121242788
214.5	121301692
214.6	121360212
214.7	121419036
214.8	121476296
214.9	121533388
215.0	121592296
215.1	121648248
215.2	121705924
215.3	121762240
215.4	121819232
215.5	121876312
215.6	121933068
215.7	121989304
215.8	122045956
215.9	122103828
216.0	122159984
216.1	122217252
216.2	122274920
216.3	122331676
216.4	122390132
216.5	122449064
216.6	122505912
216.7	122564592
216.8	122623388
216.9	122681848
217.0	122740068
217.1	122798812
217.2	122855300
217.3	122912716
217.4	122970588
217.5	123026608
217.6	123084104
217.7	123140540
217.8	123196456
217.9	123252888
218.0	123309748
218.1	123365656
218.2	123421696
218.3	123477340
218.4	123532568
218.5	123588736
218.6	123646424
218.7	123701740
218.8	123757856
218.9	123813892
219.0	123869044
219.1	123924844
219.2	123981240
219.3	124036444
219.4	124091632
219.5	124147060
219.6	124202044
219.7	124256888
219.8	124313004
219.9	124367776
220.0	124423076
220.1	124477952
220.2	124532188
220.3	124587124
220.4	124642420
220.5	124697080
220.6	124752176
220.7	124806876
220.8	124861520
220.9	124916084
221.0	124972332
221.1	125026460
221.2	125080900
221.3	125135712
221.4	125190516
221.5	125245476
221.6	125301336
221.7	125356392
221.8	125412216
221.9	125467020
222.0	125521392
222.1	125575772
222.2	125631332
222.3	125684812
222.4	125738608
222.5	125792724
222.6	125846656
222.7	125900756
222.8	125954952
222.9	126008132
223.0	126062504
223.1	126116376
223.2	126169068
223.3	126223348
223.4	126277860
223.5	126331124
223.6	126385144
223.7	126439464
223.8	126492748
223.9	126546864
224.0	126601568
224.1	126655204
224.2	126710032
224.3	126765048
224.4	126819804
224.5	126876020
224.6	126931836
224.7	126987024
224.8	127041208
224.9	127095400
225.0	127149456
225.1	127204376
225.2	127260636
225.3	127315468
225.4	127371668
225.5	127427728
225.6	127483804
225.7	127539500
225.8	127597032
225.9	127653264
226.0	127710512
226.1	127767300
226.2	127822916
226.3	127879260
226.4	127936196
226.5	127992368
226.6	128048624
226.7	128104396
226.8	128160344
226.9	128215748
227.0	128271832
227.1	128326164
227.2	128381652
227.3	128436744
227.4	128491100
227.5	128546000
227.6	128601848
227.7	128656484
227.8	128712256
227.9	128767504
228.0	128822948
228.1	128878880
228.2	128935120
228.3	128989924
228.4	129046016
228.5	129101668
228.6	129156712
228.7	129213280
228.8	129270364
228.9	129325608
229.0	129381464
229.1	129438136
229.2	129493768
229.3	129550692
229.4	129609004
229.5	129665120
229.6	129721564
229.7	129778196
229.8	129833748
229.9	129889452
230.0	129945924
230.1	130000180
230.2	130055068
230.3	130109600
230.4	130164292
230.5	130218780
230.6	130274348
230.7	130329080
230.8	130384288
230.9	130438940
231.0	130493272
231.1	130549212
231.2	130605420
231.3	130660520
231.4	130715600
231.5	130770656
231.6	130825208
231.7	130879680
231.8	130934536
231.9	130988212
232.0	131042096
232.1	131095616
232.2	131148584
232.3	131201924
232.4	131256184
232.5	131308676
232.6	131361424
232.7	131414424
232.8	131467172
232.9	131519264
233.0	131572928
233.1	131624908
233.2	131678264
233.3	131730868
233.4	131783688
233.5	131836616
233.6	131890396
233.7	131943020
233.8	131995832
233.9	132049236
234.0	132101452
234.1	132155008
234.2	132208412
234.3	132260448
234.4	132312996
234.5	132365796
234.6	132417936
234.7	132470512
234.8	132524080
234.9	132576648
235.0	132628848
235.1	132681888
235.2	132734400
235.3	132787028
235.4	132840404
235.5	132892588
235.6	132945360
235.7	132998272
235.8	133051220
235.9	133103976
236.0	133158016
236.1	133210156
236.2	133262688
236.3	133315044
236.4	133366752
236.5	133419608
236.6	133473324
236.7	133525600
236.8	133578484
236.9	133631636
237.0	133683984
237.1	133736888
237.2	133790552
237.3	133842512
237.4	133894472
237.5	133947544
237.6	133999612
237.7	134052572
237.8	134105740
237.9	134157400
238.0	134209316
238.1	134261644
238.2	134313080
238.3	134365908
238.4	134419052
238.5	134470852
238.6	134523436
238.7	134576648
238.8	134628360
238.9	134680920
239.0	134733484
239.1	134786380
239.2	134838680
239.3	134890740
239.4	134943236
239.5	134995316
239.6	135049212
239.7	135101236
239.8	135153880
239.9	135205984
240.0	135257944
240.1	135310440
240.2	135362812
240.3	135414396
240.4	135466748
240.5	135519612
240.6	135570656
240.7	135622356
240.8	135675220
240.9	135727000
241.0	135778772
241.1	135830188
241.2	135882256
241.3	135934616
241.4	135987408
241.5	136038980
241.6	136090616
241.7	136142448
241.8	136193416
241.9	136245104
242.0	136297524
242.1	136348508
242.2	136399332
242.3	136450668
242.4	136501216
242.5	136552204
242.6	136603816
242.7	136654584
242.8	136706008
242.9	136757100
243.0	136808016
243.1	136859060
243.2	136911396
243.3	136961256
243.4	137012772
243.5	137063648
243.6	137113648
243.7	137164300
243.8	137215744
243.9	137266316
244.0	137317396
244.1	137368788
244.2	137418984
244.3	137469524
244.4	137521064
244.5	137571376
244.6	137622544
244.7	137673352
244.8	137724484
244.9	137775420
245.0	137827624
245.1	137877856
245.2	137928636
245.3	137980128
245.4	138030868
245.5	138082052
245.6	138133904
245.7	138184308
245.8	138235848
245.9	138287212
246.0	138338520
246.1	138390124
246.2	138441780
246.3	138493128
246.4	138544444
246.5	138596136
246.6	138647060
246.7	138698728
246.8	138750764
246.9	138801828
247.0	138853104
247.1	138905360
247.2	138956500
247.3	139008196
247.4	139061288
247.5	139112668
247.6	139164880
247.7	139216060
247.8	139266864
247.9	139318620
248.0	139371500
248.1	139422580
248.2	139473660
248.3	139525632
248.4	139576764
248.5	139628112
248.6	139680896
248.7	139730824
248.8	139782308
248.9	139833932
249.0	139885396
249.1	139936864
249.2	139989212
249.3	140041304
249.4	140094156
249.5	140146812
249.6	140199076
249.7	140251040
249.8	140303812
249.9	140355636
250.0	140407328
250.1	140459964
250.2	140511504
250.3	140563748
250.4	140616224
250.5	140668040
250.6	140720444
250.7	140771988
250.8	140823580
250.9	140875956
251.0	140928800
251.1	140980752
251.2	141033252
251.3	141085580
251.4	141137392
251.5	141189404
251.6	141242360
251.7	141294044
251.8	141346048
251.9	141398692
252.0	141450568
252.1	141502948
252.2	141555832
252.3	141607752
252.4	141659976
252.5	141712668
252.6	141764116
252.7	141816108
252.8	141868880
252.9	141920708
253.0	141973096
253.1	142025672
253.2	142077568
253.3	142129324
253.4	142181792
253.5	142233884
253.6	142286584
253.7	142339160
253.8	142391104
253.9	142444100
254.0	142496424
254.1	142549172
254.2	142601704
254.3	142653696
254.4	142705592
254.5	142758128
254.6	142810584
254.7	142862696
254.8	142915648
254.9	142968836
255.0	143021160
255.1	143073088
255.2	143126764
255.3	143178500
255.4	143230256
255.5	143282508
255.6	143334704
255.7	143387568
255.8	143441880
255.9	143495016
256.0	143548348
256.1	143602140
256.2	143654768
256.3	143707040
256.4	143761144
256.5	143813944
256.6	143866444
256.7	143918928
256.8	143970292
256.9	144022512
257.0	144075900
257.1	144127628
257.2	144180024
257.3	144232884
257.4	144285188
257.5	144337788
257.6	144391148
257.7	144444076
257.8	144496836
257.9	144549672
258.0	144601852
258.1	144654484
258.2	144708620
258.3	144762900
258.4	144816500
258.5	144869848
258.6	144922976
258.7	144975684
258.8	145029116
258.9	145080544
259.0	145132688
259.1	145185044
259.2	145237220
259.3	145288448
259.4	145341508
259.5	145392672
259.6	145445088
259.7	145497344
259.8	145549048
259.9	145601300
260.0	145653716
260.1	145705504
260.2	145757420
260.3	145810128
260.4	145861512
260.5	145913592
260.6	145966880
260.7	146018920
260.8	146071432
260.9	146123544
261.0	146175600
261.1	146227944
261.2	146279980
261.3	146332380
261.4	146384944
261.5	146436724
261.6	146489040
261.7	146541916
261.8	146594768
261.9	146645932
262.0	146697792
262.1	146749804
262.2	146801808
262.3	146853996
262.4	146907284
262.5	146958860
262.6	147011140
262.7	147063568
262.8	147115296
262.9	147167168
263.0	147219816
263.1	147271380
263.2	147323100
263.3	147375004
263.4	147426780
263.5	147478436
263.6	147530860
263.7	147581788
263.8	147633160
263.9	147685556
264.0	147737360
264.1	147789012
264.2	147841816
264.3	147892816
264.4	147944836
264.5	147996932
264.6	148048600
264.7	148101392
264.8	148154076
264.9	148205520
265.0	148257764
265.1	148309612
265.2	148361268
265.3	148413772
265.4	148466560
265.5	148519308
265.6	148570872
265.7	148623256
265.8	148675096
265.9	148727268
266.0	148779832
266.1	148830444
266.2	148881600
266.3	148932676
266.4	148983600
266.5	149034464
266.6	149086548
266.7	149137564
266.8	149188732
266.9	149240548
267.0	149290820
267.1	149341840
267.2	149393912
267.3	149444520
267.4	149495364
267.5	149546128
267.6	149596320
267.7	149647144
267.8	149698532
267.9	149748920
268.0	149800032
268.1	149850700
268.2	149900668
268.3	149952388
268.4	150004272
268.5	150055096
268.6	150106892
268.7	150158556
268.8	150210132
268.9	150261812
269.0	150314576
269.1	150366048
269.2	150418736
269.3	150470932
269.4	150522532
269.5	150574556
269.6	150627192
269.7	150678352
269.8	150730552
269.9	150782768
270.0	150833780
270.1	150885964
270.2	150938136
270.3	150991212
270.4	151043716
270.5	151095964
270.6	151146956
270.7	151199280
270.8	151251336
270.9	151302976
271.0	151353944
271.1	151405060
271.2	151456972
271.3	151508656
271.4	151559748
271.5	151611200
271.6	151662556
271.7	151713680
271.8	151764408
271.9	151816020
272.0	151867592
272.1	151918428
272.2	151970072
272.3	152021352
272.4	152072032
272.5	152123728
272.6	152175672
272.7	152227248
272.8	152278668
272.9	152329464
273.0	152380328
273.1	152432452
273.2	152484852
273.3	152537228
273.4	152589344
273.5	152641116
273.6	152691968
273.7	152744716
273.8	152796968
273.9	152848948
274.0	152901468
274.1	152954564
274.2	153007012
274.3	153060392
274.4	153114396
274.5	153167632
274.6	153222124
274.7	153276796
274.8	153330640
274.9	153385916
275.0	153440844
275.1	153494444
275.2	153549684
275.3	153604952
275.4	153660232
275.5	153716996
275.6	153773552
275.7	153829468
275.8	153886676
275.9	153943120
276.0	154000600
276.1	154058756
276.2	154117248
276.3	154174540
276.4	154233232
276.5	154297408
276.6	154381672
276.7	154469540
276.8	154543356
276.9	154604928
277.0	154666812
277.1	154730276
277.2	154792212
277.3	154855556
277.4	154919204
277.5	154982080
277.6	155046748
277.7	155111148
277.8	155173964
277.9	155240272
278.0	155305664
278.1	155371188
278.2	155436316
278.3	155501472
278.4	155566604
278.5	155632528
278.6	155700984
278.7	155767864
278.8	155836232
278.9	155904260
279.0	155973028
279.1	156042924
279.2	156115248
279.3	156186236
279.4	156256664
279.5	156328576
279.6	156400216
279.7	156471980
279.8	156543960
279.9	156615108
280.0	156687832
280.1	156759844
280.2	156833312
280.3	156905764
280.4	156978168
280.5	157050216
280.6	157121600
280.7	157194284
280.8	157266720
280.9	157339252
281.0	157411612
281.1	157485072
281.2	157558452
281.3	157630536
281.4	157704824
281.5	157779632
281.6	157853864
281.7	157928360
281.8	158002348
281.9	158076004
282.0	158149572
282.1	158223916
282.2	158298612
282.3	158373124
282.4	158446792
282.5	158520804
282.6	158594788
282.7	158668260
282.8	158742004
282.9	158815172
283.0	158889028
283.1	158962412
283.2	159035424
283.3	159108428
283.4	159180804
283.5	159253336
283.6	159325896
283.7	159397984
283.8	159471244
283.9	159544384
284.0	159618384
284.1	159691292
284.2	159764252
284.3	159836620
284.4	159909548
284.5	159982688
284.6	160054636
284.7	160127144
284.8	160198516
284.9	160270648
285.0	160343068
285.1	160415348
285.2	160488012
285.3	160559524
285.4	160630436
285.5	160702704
285.6	160775052
285.7	160847520
285.8	160919716
285.9	160992968
286.0	161065636
286.1	161137976
286.2	161210072
286.3	161283468
286.4	161354680
286.5	161426884
286.6	161498356
286.7	161570716
286.8	161642704
286.9	161714564
287.0	161787416
287.1	161858692
287.2	161890380
287.3	161890672
287.4	161890952
287.5	161891208
287.6	161891496
287.7	161891752
287.8	161891924
287.9	161892036
288.0	161892144
288.1	161892256
288.2	161892308
288.3	161892340
288.4	161892364
288.5	161892408
288.6	161892476
288.7	161892520
288.8	161892552
288.9	161892588
289.0	161892632
289.1	161892680
289.2	161892732
289.3	161892760
289.4	161892800
289.5	161892844
289.6	161892868
289.7	161892908
289.8	161892932
289.9	161892948
290.0	161892980
290.1	161893008
290.2	161893028
290.3	161893040
290.4	161893056
290.5	161893084
290.6	161893108
290.7	161893128
290.8	161893132
290.9	161893156
291.0	161893176
291.1	161893196
291.2	161893212
291.3	161893228
291.4	161893248
291.5	161893280
291.6	161893296