%  hypsometry data
%  created by Bryce Glenn, Julian Cross, and Maciek Obryk
%  orthometric heights
%  based on local datum (WGS84 +53.4 m)
%  Depth h (m)    Area A (m^2)
23.73	0.00E+00
23.83	9.83E+00
23.93	4.19E+02
24.03	1.53E+03
24.13	4.18E+03
24.23	1.20E+04
24.33	2.33E+04
24.43	3.36E+04
24.53	4.04E+04
24.63	4.54E+04
24.73	5.04E+04
24.83	5.54E+04
24.93	6.02E+04
25.03	6.51E+04
25.13	7.02E+04
25.23	7.54E+04
25.33	8.10E+04
25.43	8.75E+04
25.53	9.41E+04
25.63	1.01E+05
25.73	1.10E+05
25.83	1.19E+05
25.93	1.28E+05
26.03	1.38E+05
26.13	1.49E+05
26.23	1.62E+05
26.33	1.76E+05
26.43	1.94E+05
26.53	2.12E+05
26.63	2.31E+05
26.73	2.51E+05
26.83	2.72E+05
26.93	2.92E+05
27.03	3.11E+05
27.13	3.27E+05
27.23	3.43E+05
27.33	3.58E+05
27.43	3.73E+05
27.53	3.90E+05
27.63	4.07E+05
27.73	4.23E+05
27.83	4.40E+05
27.93	4.59E+05
28.03	4.78E+05
28.13	4.96E+05
28.23	5.14E+05
28.33	5.31E+05
28.43	5.47E+05
28.53	5.63E+05
28.63	5.78E+05
28.73	5.94E+05
28.83	6.11E+05
28.93	6.28E+05
29.03	6.47E+05
29.13	6.67E+05
29.23	6.90E+05
29.33	7.15E+05
29.43	7.36E+05
29.53	7.54E+05
29.63	7.70E+05
29.73	7.85E+05
29.83	7.99E+05
29.93	8.13E+05
30.03	8.28E+05
30.13	8.42E+05
30.23	8.56E+05
30.33	8.69E+05
30.43	8.83E+05
30.53	8.96E+05
30.63	9.09E+05
30.73	9.23E+05
30.83	9.36E+05
30.93	9.50E+05
31.03	9.62E+05
31.13	9.75E+05
31.23	9.88E+05
31.33	1.00E+06
31.43	1.01E+06
31.53	1.03E+06
31.63	1.04E+06
31.73	1.05E+06
31.83	1.06E+06
31.93	1.07E+06
32.03	1.09E+06
32.13	1.10E+06
32.23	1.11E+06
32.33	1.12E+06
32.43	1.14E+06
32.53	1.15E+06
32.63	1.16E+06
32.73	1.17E+06
32.83	1.19E+06
32.93	1.20E+06
33.03	1.21E+06
33.13	1.22E+06
33.23	1.24E+06
33.33	1.25E+06
33.43	1.26E+06
33.53	1.28E+06
33.63	1.29E+06
33.73	1.30E+06
33.83	1.31E+06
33.93	1.33E+06
34.03	1.34E+06
34.13	1.35E+06
34.23	1.36E+06
34.33	1.37E+06
34.43	1.39E+06
34.53	1.40E+06
34.63	1.41E+06
34.73	1.42E+06
34.83	1.43E+06
34.93	1.44E+06
35.03	1.45E+06
35.13	1.46E+06
35.23	1.47E+06
35.33	1.48E+06
35.43	1.49E+06
35.53	1.50E+06
35.63	1.51E+06
35.73	1.52E+06
35.83	1.53E+06
35.93	1.54E+06
36.03	1.55E+06
36.13	1.56E+06
36.23	1.57E+06
36.33	1.58E+06
36.43	1.59E+06
36.53	1.60E+06
36.63	1.61E+06
36.73	1.62E+06
36.83	1.63E+06
36.93	1.64E+06
37.03	1.65E+06
37.13	1.66E+06
37.23	1.67E+06
37.33	1.68E+06
37.43	1.69E+06
37.53	1.70E+06
37.63	1.71E+06
37.73	1.72E+06
37.83	1.73E+06
37.93	1.74E+06
38.03	1.75E+06
38.13	1.75E+06
38.23	1.76E+06
38.33	1.77E+06
38.43	1.78E+06
38.53	1.79E+06
38.63	1.80E+06
38.73	1.81E+06
38.83	1.82E+06
38.93	1.83E+06
39.03	1.84E+06
39.13	1.85E+06
39.23	1.86E+06
39.33	1.87E+06
39.43	1.88E+06
39.53	1.89E+06
39.63	1.90E+06
39.73	1.91E+06
39.83	1.91E+06
39.93	1.92E+06
40.03	1.93E+06
40.13	1.94E+06
40.23	1.95E+06
40.33	1.96E+06
40.43	1.97E+06
40.53	1.98E+06
40.63	1.99E+06
40.73	2.00E+06
40.83	2.01E+06
40.93	2.02E+06
41.03	2.02E+06
41.13	2.03E+06
41.23	2.04E+06
41.33	2.05E+06
41.43	2.06E+06
41.53	2.07E+06
41.63	2.08E+06
41.73	2.09E+06
41.83	2.10E+06
41.93	2.10E+06
42.03	2.11E+06
42.13	2.12E+06
42.23	2.13E+06
42.33	2.14E+06
42.43	2.15E+06
42.53	2.16E+06
42.63	2.17E+06
42.73	2.18E+06
42.83	2.18E+06
42.93	2.19E+06
43.03	2.20E+06
43.13	2.21E+06
43.23	2.22E+06
43.33	2.23E+06
43.43	2.24E+06
43.53	2.25E+06
43.63	2.26E+06
43.73	2.27E+06
43.83	2.28E+06
43.93	2.29E+06
44.03	2.30E+06
44.13	2.31E+06
44.23	2.32E+06
44.33	2.33E+06
44.43	2.34E+06
44.53	2.35E+06
44.63	2.35E+06
44.73	2.36E+06
44.83	2.37E+06
44.93	2.38E+06
45.03	2.39E+06
45.13	2.40E+06
45.23	2.41E+06
45.33	2.42E+06
45.43	2.43E+06
45.53	2.44E+06
45.63	2.45E+06
45.73	2.46E+06
45.83	2.47E+06
45.93	2.48E+06
46.03	2.49E+06
46.13	2.50E+06
46.23	2.51E+06
46.33	2.52E+06
46.43	2.53E+06
46.53	2.54E+06
46.63	2.55E+06
46.73	2.56E+06
46.83	2.57E+06
46.93	2.58E+06
47.03	2.59E+06
47.13	2.60E+06
47.23	2.61E+06
47.33	2.62E+06
47.43	2.63E+06
47.53	2.63E+06
47.63	2.64E+06
47.73	2.65E+06
47.83	2.66E+06
47.93	2.67E+06
48.03	2.68E+06
48.13	2.69E+06
48.23	2.70E+06
48.33	2.71E+06
48.43	2.72E+06
48.53	2.73E+06
48.63	2.74E+06
48.73	2.75E+06
48.83	2.76E+06
48.93	2.77E+06
49.03	2.78E+06
49.13	2.79E+06
49.23	2.80E+06
49.33	2.81E+06
49.43	2.82E+06
49.53	2.83E+06
49.63	2.84E+06
49.73	2.85E+06
49.83	2.86E+06
49.93	2.87E+06
50.03	2.88E+06
50.13	2.89E+06
50.23	2.90E+06
50.33	2.91E+06
50.43	2.92E+06
50.53	2.93E+06
50.63	2.94E+06
50.73	2.95E+06
50.83	2.96E+06
50.93	2.97E+06
51.03	2.98E+06
51.13	2.99E+06
51.23	3.00E+06
51.33	3.01E+06
51.43	3.02E+06
51.53	3.03E+06
51.63	3.04E+06
51.73	3.05E+06
51.83	3.06E+06
51.93	3.07E+06
52.03	3.08E+06
52.13	3.09E+06
52.23	3.10E+06
52.33	3.11E+06
52.43	3.12E+06
52.53	3.13E+06
52.63	3.14E+06
52.73	3.15E+06
52.83	3.16E+06
52.93	3.17E+06
53.03	3.18E+06
53.13	3.19E+06
53.23	3.20E+06
53.33	3.21E+06
53.43	3.22E+06
53.53	3.23E+06
53.63	3.24E+06
53.73	3.26E+06
53.83	3.27E+06
53.93	3.28E+06
54.03	3.29E+06
54.13	3.30E+06
54.23	3.32E+06
54.33	3.33E+06
54.43	3.35E+06
54.53	3.36E+06
54.63	3.38E+06
54.73	3.39E+06
54.83	3.40E+06
54.93	3.42E+06
55.03	3.43E+06
55.13	3.44E+06
55.23	3.45E+06
55.33	3.46E+06
55.43	3.47E+06
55.53	3.49E+06
55.63	3.50E+06
55.73	3.51E+06
55.83	3.52E+06
55.93	3.54E+06
56.03	3.55E+06
56.13	3.56E+06
56.23	3.57E+06
56.33	3.59E+06
56.43	3.60E+06
56.53	3.62E+06
56.63	3.64E+06
56.73	3.66E+06
56.83	3.69E+06
56.93	3.71E+06
57.03	3.73E+06
57.13	3.75E+06
57.23	3.77E+06
57.33	3.78E+06
57.43	3.79E+06
57.53	3.80E+06
57.63	3.82E+06
57.73	3.83E+06
57.83	3.84E+06
57.93	3.86E+06
58.03	3.87E+06
58.13	3.88E+06
58.23	3.89E+06
58.33	3.91E+06
58.43	3.92E+06
58.53	3.93E+06
58.63	3.94E+06
58.73	3.96E+06
58.83	3.97E+06
58.93	3.98E+06
59.03	4.00E+06
59.13	4.01E+06
59.23	4.02E+06
59.33	4.04E+06
59.43	4.05E+06
59.53	4.06E+06
59.63	4.08E+06
59.73	4.09E+06
59.83	4.10E+06
59.93	4.12E+06
60.03	4.13E+06
60.13	4.14E+06
60.23	4.16E+06
60.33	4.17E+06
60.43	4.18E+06
60.53	4.19E+06
60.63	4.20E+06
60.73	4.22E+06
60.83	4.23E+06
60.93	4.24E+06
61.03	4.25E+06
61.13	4.26E+06
61.23	4.28E+06
61.33	4.29E+06
61.43	4.31E+06
61.53	4.32E+06
61.63	4.33E+06
61.73	4.35E+06
61.83	4.36E+06
61.93	4.37E+06
62.03	4.38E+06
62.13	4.39E+06
62.23	4.40E+06
62.33	4.41E+06
62.43	4.42E+06
62.53	4.43E+06
62.63	4.44E+06
62.73	4.45E+06
62.83	4.46E+06
62.93	4.46E+06
63.03	4.47E+06
63.13	4.48E+06
63.23	4.49E+06
63.33	4.49E+06
63.43	4.50E+06
63.53	4.51E+06
63.63	4.51E+06
63.73	4.52E+06
63.83	4.53E+06
63.93	4.53E+06
64.03	4.54E+06
64.13	4.55E+06
64.23	4.56E+06
64.33	4.56E+06
64.43	4.57E+06
64.53	4.58E+06
64.63	4.58E+06
64.73	4.59E+06
64.83	4.60E+06
64.93	4.60E+06
65.03	4.61E+06
65.13	4.62E+06
65.23	4.62E+06
65.33	4.63E+06
65.43	4.64E+06
65.53	4.64E+06
65.63	4.65E+06
65.73	4.66E+06
65.83	4.66E+06
65.93	4.67E+06
66.03	4.68E+06
66.13	4.68E+06
66.23	4.69E+06
66.33	4.70E+06
66.43	4.71E+06
66.53	4.71E+06
66.63	4.72E+06
66.73	4.73E+06
66.83	4.73E+06
66.93	4.74E+06
67.03	4.75E+06
67.13	4.75E+06
67.23	4.76E+06
67.33	4.77E+06
67.43	4.78E+06
67.53	4.78E+06
67.63	4.79E+06
67.73	4.80E+06
67.83	4.81E+06
67.93	4.81E+06
68.03	4.82E+06
68.13	4.83E+06
68.23	4.83E+06
68.33	4.84E+06
68.43	4.85E+06
68.53	4.86E+06
68.63	4.86E+06
68.73	4.87E+06
68.83	4.88E+06
68.93	4.89E+06
69.03	4.89E+06
69.13	4.90E+06
69.23	4.91E+06
69.33	4.92E+06
69.43	4.92E+06
69.53	4.93E+06
69.63	4.94E+06
69.73	4.94E+06
69.83	4.95E+06
69.93	4.96E+06
70.03	4.97E+06
70.13	4.97E+06
70.23	4.98E+06
70.33	4.99E+06
70.43	4.99E+06
70.53	5.00E+06
70.63	5.01E+06
70.73	5.02E+06
70.83	5.02E+06
70.93	5.03E+06
71.03	5.04E+06
71.13	5.04E+06
71.23	5.05E+06
71.33	5.06E+06
71.43	5.07E+06
71.53	5.07E+06
71.63	5.08E+06
71.73	5.09E+06
71.83	5.10E+06
71.93	5.10E+06
72.03	5.11E+06
72.13	5.12E+06
72.23	5.13E+06
72.33	5.13E+06
72.43	5.14E+06
72.53	5.15E+06
72.63	5.16E+06
72.73	5.16E+06
72.83	5.17E+06
72.93	5.18E+06
73.03	5.19E+06
73.13	5.20E+06
73.23	5.21E+06
73.33	5.22E+06
73.43	5.22E+06
73.53	5.23E+06
73.63	5.24E+06
73.73	5.25E+06
73.83	5.26E+06
73.93	5.27E+06
74.03	5.28E+06
74.13	5.29E+06
74.23	5.30E+06
74.33	5.31E+06
74.43	5.32E+06
74.53	5.32E+06
74.63	5.33E+06
74.73	5.34E+06
74.83	5.35E+06
74.93	5.36E+06
75.03	5.37E+06
75.13	5.37E+06
75.23	5.38E+06
75.33	5.39E+06
75.43	5.40E+06
75.53	5.41E+06
75.63	5.42E+06
75.73	5.42E+06
75.83	5.43E+06
75.93	5.44E+06
76.03	5.45E+06
76.13	5.46E+06
76.23	5.47E+06
76.33	5.47E+06
76.43	5.48E+06
76.53	5.49E+06
76.63	5.50E+06
76.73	5.51E+06
76.83	5.52E+06
76.93	5.53E+06
77.03	5.54E+06
77.13	5.55E+06
77.23	5.55E+06
77.33	5.56E+06
77.43	5.57E+06
77.53	5.58E+06
77.63	5.59E+06
77.73	5.60E+06
77.83	5.61E+06
77.93	5.62E+06
78.03	5.63E+06
78.13	5.64E+06
78.23	5.65E+06
78.33	5.66E+06
78.43	5.67E+06
78.53	5.68E+06
78.63	5.69E+06
78.73	5.70E+06
78.83	5.71E+06
78.93	5.72E+06
79.03	5.73E+06
79.13	5.74E+06
79.23	5.75E+06
79.33	5.76E+06
79.43	5.77E+06
79.53	5.78E+06
79.63	5.79E+06
79.73	5.80E+06
79.83	5.81E+06
79.93	5.82E+06
80.03	5.83E+06
80.13	5.84E+06
80.23	5.85E+06
80.33	5.86E+06
80.43	5.87E+06
80.53	5.88E+06
80.63	5.89E+06
80.73	5.90E+06
80.83	5.91E+06
80.93	5.92E+06
81.03	5.93E+06
81.13	5.94E+06
81.23	5.95E+06
81.33	5.96E+06
81.43	5.97E+06
81.53	5.98E+06
81.63	5.99E+06
81.73	6.00E+06
81.83	6.01E+06
81.93	6.02E+06
82.03	6.03E+06
82.13	6.04E+06
82.23	6.05E+06
82.33	6.06E+06
82.43	6.07E+06
82.53	6.08E+06
82.63	6.09E+06
82.73	6.10E+06
82.83	6.11E+06
82.93	6.12E+06
83.03	6.13E+06
83.13	6.14E+06
83.23	6.15E+06
83.33	6.16E+06
83.43	6.17E+06
83.53	6.18E+06
83.63	6.19E+06
83.73	6.20E+06
83.83	6.21E+06
83.93	6.22E+06
84.03	6.23E+06
84.13	6.23E+06
84.23	6.24E+06
84.33	6.25E+06
84.43	6.26E+06
84.53	6.27E+06
84.63	6.28E+06
84.73	6.29E+06
84.83	6.30E+06
84.93	6.31E+06
85.03	6.32E+06
85.13	6.33E+06
85.23	6.35E+06
85.33	6.36E+06
85.43	6.37E+06
85.53	6.38E+06
85.63	6.39E+06
85.73	6.40E+06
85.83	6.41E+06
85.93	6.41E+06
86.03	6.42E+06
86.13	6.43E+06
86.23	6.44E+06
86.33	6.45E+06
86.43	6.46E+06
86.53	6.47E+06
86.63	6.48E+06
86.73	6.49E+06
86.83	6.50E+06
86.93	6.51E+06
87.03	6.52E+06
87.13	6.53E+06
87.23	6.54E+06
87.33	6.55E+06
87.43	6.56E+06
87.53	6.57E+06
87.63	6.58E+06
87.73	6.59E+06
87.83	6.60E+06
87.93	6.61E+06
88.03	6.62E+06
88.13	6.63E+06
88.23	6.63E+06
88.33	6.64E+06
88.43	6.65E+06
88.53	6.66E+06
88.63	6.67E+06
88.73	6.68E+06
88.83	6.69E+06
88.93	6.70E+06
89.03	6.71E+06
89.13	6.72E+06
89.23	6.73E+06
89.33	6.74E+06
89.43	6.75E+06
89.53	6.76E+06
89.63	6.77E+06
89.73	6.78E+06
89.83	6.79E+06
89.93	6.80E+06
90.03	6.82E+06
90.13	6.83E+06
90.23	6.84E+06
90.33	6.85E+06
90.43	6.86E+06
90.53	6.87E+06
90.63	6.88E+06
90.73	6.89E+06
90.83	6.90E+06
90.93	6.91E+06
91.03	6.92E+06
91.13	6.93E+06
91.23	6.94E+06
91.33	6.95E+06
91.43	6.96E+06
91.53	6.97E+06
91.63	6.98E+06
91.73	6.99E+06
91.83	7.01E+06
91.93	7.02E+06
92.03	7.03E+06
92.13	7.04E+06
92.23	7.05E+06
92.33	7.06E+06
92.43	7.08E+06
92.53	7.09E+06
92.63	7.10E+06
92.73	7.11E+06
92.83	7.12E+06
92.93	7.13E+06
93.03	7.14E+06
93.13	7.16E+06
93.23	7.17E+06
93.33	7.18E+06
93.43	7.19E+06
93.53	7.20E+06
93.63	7.22E+06
93.73	7.23E+06
93.83	7.24E+06
93.93	7.25E+06
94.03	7.27E+06
94.13	7.28E+06
94.23	7.29E+06
94.33	7.30E+06
94.43	7.31E+06
94.53	7.32E+06
94.63	7.34E+06
94.73	7.35E+06
94.83	7.36E+06
94.93	7.37E+06
95.03	7.38E+06
95.13	7.40E+06
95.23	7.41E+06
95.33	7.42E+06
95.43	7.43E+06
95.53	7.45E+06
95.63	7.46E+06
95.73	7.47E+06
95.83	7.48E+06
95.93	7.50E+06
96.03	7.51E+06
96.13	7.52E+06
96.23	7.53E+06
96.33	7.54E+06
96.43	7.55E+06
96.53	7.57E+06
96.63	7.58E+06
96.73	7.59E+06
96.83	7.60E+06
96.93	7.61E+06
97.03	7.62E+06
97.13	7.64E+06
97.23	7.65E+06
97.33	7.67E+06
97.43	7.70E+06
97.53	7.73E+06
97.63	7.77E+06
97.73	7.81E+06
97.83	7.84E+06
97.93	7.87E+06
98.03	7.90E+06
98.13	7.92E+06
98.23	7.94E+06
98.33	7.96E+06
98.43	7.98E+06
98.53	7.99E+06
98.63	8.01E+06
98.73	8.03E+06
98.83	8.04E+06
98.93	8.06E+06
99.03	8.07E+06
99.13	8.08E+06
99.23	8.10E+06
99.33	8.11E+06
99.43	8.13E+06
99.53	8.14E+06
99.63	8.16E+06
99.73	8.17E+06
99.83	8.18E+06
99.93	8.20E+06
100.03	8.21E+06
100.13	8.23E+06
100.23	8.24E+06
100.33	8.25E+06
100.43	8.27E+06
100.53	8.28E+06
100.63	8.30E+06
100.73	8.31E+06
100.83	8.32E+06
100.93	8.34E+06
101.03	8.35E+06
101.13	8.37E+06
101.23	8.38E+06
101.33	8.39E+06
101.43	8.41E+06
101.53	8.42E+06
101.63	8.43E+06
101.73	8.45E+06
101.83	8.46E+06
101.93	8.48E+06
102.03	8.49E+06
102.13	8.51E+06
102.23	8.52E+06
102.33	8.54E+06
102.43	8.55E+06
102.53	8.57E+06
102.63	8.58E+06
102.73	8.60E+06
102.83	8.61E+06
102.93	8.63E+06
103.03	8.64E+06
103.13	8.66E+06
103.23	8.67E+06
103.33	8.69E+06
103.43	8.70E+06
103.53	8.72E+06
103.63	8.73E+06
103.73	8.75E+06
103.83	8.76E+06
103.93	8.78E+06
104.03	8.79E+06
104.13	8.81E+06
104.23	8.82E+06
104.33	8.84E+06
104.43	8.86E+06
104.53	8.87E+06
104.63	8.89E+06
104.73	8.91E+06
104.83	8.92E+06
104.93	8.94E+06
105.03	8.95E+06
105.13	8.97E+06
105.23	8.99E+06
105.33	9.00E+06
105.43	9.02E+06
105.53	9.03E+06
105.63	9.05E+06
105.73	9.07E+06
105.83	9.09E+06
105.93	9.10E+06
106.03	9.12E+06
106.13	9.13E+06
106.23	9.15E+06
106.33	9.17E+06
106.43	9.18E+06
106.53	9.20E+06
106.63	9.22E+06
106.73	9.23E+06
106.83	9.25E+06
106.93	9.26E+06
107.03	9.28E+06
107.13	9.30E+06
107.23	9.31E+06
107.33	9.33E+06
107.43	9.35E+06
107.53	9.36E+06
107.63	9.38E+06
107.73	9.40E+06
107.83	9.41E+06
107.93	9.43E+06
108.03	9.44E+06
108.13	9.46E+06
108.23	9.48E+06
108.33	9.49E+06
108.43	9.51E+06
108.53	9.52E+06
108.63	9.54E+06
108.73	9.55E+06
108.83	9.57E+06
108.93	9.59E+06
109.03	9.62E+06
109.13	9.64E+06
109.23	9.67E+06
109.33	9.69E+06
109.43	9.71E+06
109.53	9.73E+06
109.63	9.74E+06
109.73	9.76E+06
109.83	9.78E+06
109.93	9.79E+06
110.03	9.81E+06
110.13	9.83E+06
110.23	9.84E+06
110.33	9.86E+06
110.43	9.88E+06
110.53	9.89E+06
110.63	9.91E+06
110.73	9.92E+06
110.83	9.94E+06
110.93	9.96E+06
111.03	9.97E+06
111.13	9.99E+06
111.23	1.00E+07
111.33	1.00E+07
111.43	1.00E+07
111.53	1.01E+07
111.63	1.01E+07
111.73	1.01E+07
111.83	1.01E+07
111.93	1.01E+07
112.03	1.01E+07
112.13	1.02E+07
112.23	1.02E+07
112.33	1.02E+07
112.43	1.02E+07
112.53	1.02E+07
112.63	1.02E+07
112.73	1.02E+07
112.83	1.03E+07
112.93	1.03E+07
113.03	1.03E+07
113.13	1.03E+07
113.23	1.03E+07
113.33	1.03E+07
113.43	1.04E+07
113.53	1.04E+07
113.63	1.04E+07
113.73	1.04E+07
113.83	1.04E+07
113.93	1.04E+07
114.03	1.05E+07
114.13	1.05E+07
114.23	1.05E+07
114.33	1.05E+07
114.43	1.05E+07
114.53	1.05E+07
114.63	1.05E+07
114.73	1.06E+07
114.83	1.06E+07
114.93	1.06E+07
115.03	1.06E+07
115.13	1.06E+07
115.23	1.06E+07
115.33	1.07E+07
115.43	1.07E+07
115.53	1.07E+07
115.63	1.07E+07
115.73	1.07E+07
115.83	1.07E+07
115.93	1.08E+07
116.03	1.08E+07
116.13	1.08E+07
116.23	1.08E+07
116.33	1.08E+07
116.43	1.08E+07
116.53	1.08E+07
116.63	1.09E+07
116.73	1.09E+07
116.83	1.09E+07
116.93	1.09E+07
117.03	1.09E+07
117.13	1.09E+07
117.23	1.10E+07
117.33	1.10E+07
117.43	1.10E+07
117.53	1.10E+07
117.63	1.10E+07
117.73	1.10E+07
117.83	1.11E+07
117.93	1.11E+07
118.03	1.11E+07
118.13	1.11E+07
118.23	1.11E+07
118.33	1.11E+07
118.43	1.11E+07
118.53	1.12E+07
118.63	1.12E+07
118.73	1.12E+07
118.83	1.12E+07
118.93	1.12E+07
119.03	1.12E+07
119.13	1.13E+07
119.23	1.13E+07
119.33	1.13E+07
119.43	1.13E+07
119.53	1.13E+07
119.63	1.13E+07
119.73	1.13E+07
119.83	1.14E+07
119.93	1.14E+07
120.03	1.14E+07
120.13	1.14E+07
120.23	1.14E+07
120.33	1.14E+07
120.43	1.15E+07
120.53	1.15E+07
120.63	1.15E+07
120.73	1.15E+07
120.83	1.15E+07
120.93	1.15E+07
121.03	1.15E+07
121.13	1.16E+07
121.23	1.16E+07
121.33	1.16E+07
121.43	1.16E+07
121.53	1.16E+07
121.63	1.16E+07
121.73	1.17E+07
121.83	1.17E+07
121.93	1.17E+07
122.03	1.17E+07
122.13	1.17E+07
122.23	1.17E+07
122.33	1.17E+07
122.43	1.18E+07
122.53	1.18E+07
122.63	1.18E+07
122.73	1.18E+07
122.83	1.18E+07
122.93	1.18E+07
123.03	1.18E+07
123.13	1.19E+07
123.23	1.19E+07
123.33	1.19E+07
123.43	1.19E+07
123.53	1.19E+07
123.63	1.19E+07
123.73	1.19E+07
123.83	1.20E+07
123.93	1.20E+07
124.03	1.20E+07
124.13	1.20E+07
124.23	1.20E+07
124.33	1.20E+07
124.43	1.20E+07
124.53	1.21E+07
124.63	1.21E+07
124.73	1.21E+07
124.83	1.21E+07
124.93	1.21E+07
125.03	1.21E+07
125.13	1.21E+07
125.23	1.22E+07
125.33	1.22E+07
125.43	1.22E+07
125.53	1.22E+07
125.63	1.22E+07
125.73	1.22E+07
125.83	1.22E+07
125.93	1.23E+07
126.03	1.23E+07
126.13	1.23E+07
126.23	1.23E+07
126.33	1.23E+07
126.43	1.23E+07
126.53	1.23E+07
126.63	1.24E+07
126.73	1.24E+07
126.83	1.24E+07
126.93	1.24E+07
127.03	1.24E+07
127.13	1.24E+07
127.23	1.24E+07
127.33	1.24E+07
127.43	1.25E+07
127.53	1.25E+07
127.63	1.25E+07
127.73	1.25E+07
127.83	1.25E+07
127.93	1.25E+07
128.03	1.25E+07
128.13	1.26E+07
128.23	1.26E+07
128.33	1.26E+07
128.43	1.26E+07
128.53	1.26E+07
128.63	1.26E+07
128.73	1.26E+07
128.83	1.26E+07
128.93	1.27E+07
129.03	1.27E+07
129.13	1.27E+07
129.23	1.27E+07
129.33	1.27E+07
129.43	1.27E+07
129.53	1.27E+07
129.63	1.28E+07
129.73	1.28E+07
129.83	1.28E+07
129.93	1.28E+07
130.03	1.28E+07
130.13	1.28E+07
130.23	1.28E+07
130.33	1.28E+07
130.43	1.29E+07
130.53	1.29E+07
130.63	1.29E+07
130.73	1.29E+07
130.83	1.29E+07
130.93	1.29E+07
131.03	1.29E+07
131.13	1.30E+07
131.23	1.30E+07
131.33	1.30E+07
131.43	1.30E+07
131.53	1.30E+07
131.63	1.30E+07
131.73	1.30E+07
131.83	1.30E+07
131.93	1.31E+07
132.03	1.31E+07
132.13	1.31E+07
132.23	1.31E+07
132.33	1.31E+07
132.43	1.31E+07
132.53	1.31E+07
132.63	1.32E+07
132.73	1.32E+07
132.83	1.32E+07
132.93	1.32E+07
133.03	1.32E+07
133.13	1.32E+07
133.23	1.32E+07
133.33	1.33E+07
133.43	1.33E+07
133.53	1.33E+07
133.63	1.33E+07
133.73	1.33E+07
133.83	1.33E+07
133.93	1.33E+07
134.03	1.33E+07
134.13	1.34E+07
134.23	1.34E+07
134.33	1.34E+07
134.43	1.34E+07
134.53	1.34E+07
134.63	1.34E+07
134.73	1.34E+07
134.83	1.34E+07
134.93	1.35E+07
135.03	1.35E+07
135.13	1.35E+07
135.23	1.35E+07
135.33	1.35E+07
135.43	1.35E+07
135.53	1.35E+07
135.63	1.36E+07
135.73	1.36E+07
135.83	1.36E+07
135.93	1.36E+07
136.03	1.36E+07
136.13	1.36E+07
136.23	1.36E+07
136.33	1.36E+07
136.43	1.37E+07
136.53	1.37E+07
136.63	1.37E+07
136.73	1.37E+07
136.83	1.37E+07
136.93	1.37E+07
137.03	1.37E+07
137.13	1.37E+07
137.23	1.38E+07
137.33	1.38E+07
137.43	1.38E+07
137.53	1.38E+07
137.63	1.38E+07
137.73	1.38E+07
137.83	1.38E+07
137.93	1.38E+07
138.03	1.39E+07
138.13	1.39E+07
138.23	1.39E+07
138.33	1.39E+07
138.43	1.39E+07
138.53	1.39E+07
138.63	1.39E+07
138.73	1.39E+07
138.83	1.40E+07
138.93	1.40E+07
139.03	1.40E+07
139.13	1.40E+07
139.23	1.40E+07
139.33	1.40E+07
139.43	1.40E+07
139.53	1.40E+07
139.63	1.41E+07
139.73	1.41E+07
139.83	1.41E+07
139.93	1.41E+07
140.03	1.41E+07
140.13	1.41E+07
140.23	1.41E+07
140.33	1.41E+07
140.43	1.42E+07
140.53	1.42E+07
140.63	1.42E+07
140.73	1.42E+07
140.83	1.42E+07
140.93	1.42E+07
141.03	1.42E+07
141.13	1.42E+07
141.23	1.43E+07
141.33	1.43E+07
141.43	1.43E+07
141.53	1.43E+07
141.63	1.43E+07
141.73	1.43E+07
141.83	1.43E+07
141.93	1.43E+07
142.03	1.44E+07
142.13	1.44E+07
142.23	1.44E+07
142.33	1.44E+07
142.43	1.44E+07
142.53	1.44E+07
142.63	1.44E+07
142.73	1.44E+07
142.83	1.45E+07
142.93	1.45E+07
143.03	1.45E+07
143.13	1.45E+07
143.23	1.45E+07
143.33	1.45E+07
143.43	1.45E+07
143.53	1.46E+07
143.63	1.46E+07
143.73	1.46E+07
143.83	1.46E+07
143.93	1.46E+07
144.03	1.46E+07
144.13	1.46E+07
144.23	1.46E+07
144.33	1.47E+07
144.43	1.47E+07
144.53	1.47E+07
144.63	1.47E+07
144.73	1.47E+07
144.83	1.47E+07
144.93	1.47E+07
145.03	1.47E+07
145.13	1.48E+07
145.23	1.48E+07
145.33	1.48E+07
145.43	1.48E+07
145.53	1.48E+07
145.63	1.48E+07
145.73	1.48E+07
145.83	1.49E+07
145.93	1.49E+07
146.03	1.49E+07
146.13	1.49E+07
146.23	1.49E+07
146.33	1.49E+07
146.43	1.49E+07
146.53	1.49E+07
146.63	1.50E+07
146.73	1.50E+07
146.83	1.50E+07
146.93	1.50E+07
147.03	1.50E+07
147.13	1.50E+07
147.23	1.50E+07
147.33	1.50E+07
147.43	1.51E+07
147.53	1.51E+07
147.63	1.51E+07
147.73	1.51E+07
147.83	1.51E+07
147.93	1.51E+07
148.03	1.51E+07
148.13	1.51E+07
148.23	1.52E+07
148.33	1.52E+07
148.43	1.52E+07
148.53	1.52E+07
148.63	1.52E+07
148.73	1.52E+07
148.83	1.52E+07
148.93	1.52E+07
149.03	1.53E+07
149.13	1.53E+07
149.23	1.53E+07
149.33	1.53E+07
149.43	1.53E+07
149.53	1.53E+07
149.63	1.53E+07
149.73	1.53E+07
149.83	1.54E+07
149.93	1.54E+07
150.03	1.54E+07
150.13	1.54E+07
150.23	1.54E+07
150.33	1.54E+07
150.43	1.54E+07
150.53	1.54E+07
150.63	1.55E+07
150.73	1.55E+07
150.83	1.55E+07
150.93	1.55E+07
151.03	1.55E+07
151.13	1.55E+07
151.23	1.55E+07
151.33	1.55E+07
151.43	1.56E+07
151.53	1.56E+07
151.63	1.56E+07
151.73	1.56E+07
151.83	1.56E+07
151.93	1.56E+07
152.03	1.56E+07
152.13	1.56E+07
152.23	1.57E+07
152.33	1.57E+07
152.43	1.57E+07
152.53	1.57E+07
152.63	1.57E+07
152.73	1.57E+07
152.83	1.57E+07
152.93	1.57E+07
153.03	1.58E+07
153.13	1.58E+07
153.23	1.58E+07
153.33	1.58E+07
153.43	1.58E+07
153.53	1.58E+07
153.63	1.58E+07
153.73	1.58E+07
153.83	1.59E+07
153.93	1.59E+07
154.03	1.59E+07
154.13	1.59E+07
154.23	1.59E+07
154.33	1.59E+07
154.43	1.59E+07
154.53	1.60E+07
154.63	1.60E+07
154.73	1.60E+07
154.83	1.60E+07
154.93	1.60E+07
155.03	1.60E+07
155.13	1.60E+07
155.23	1.60E+07
155.33	1.61E+07
155.43	1.61E+07
155.53	1.61E+07
155.63	1.61E+07
155.73	1.61E+07
155.83	1.61E+07
155.93	1.61E+07
156.03	1.61E+07
156.13	1.62E+07
156.23	1.62E+07
156.33	1.62E+07
156.43	1.62E+07
156.470	99812632
156.570	99870660
156.670	99927684
156.770	99984812
156.870	100041676
156.970	100098788
157.070	100156604
157.170	100214176
157.270	100273048
157.370	100331640
157.470	100389308
157.570	100446984
157.670	100504640
157.770	100562804
157.870	100621620
157.970	100683896
158.070	100744824
158.170	100805288
158.270	100865540
158.370	100925676
158.470	100984008
158.570	101044108
158.670	101104180
158.770	101164756
158.870	101224268
158.970	101283388
159.070	101342268
159.170	101400724
159.270	101460320
159.370	101519732
159.470	101579024
159.570	101638488
159.670	101697644
159.770	101756896
159.870	101816256
159.970	101876128
160.070	101935228
160.170	101993888
160.270	102053684
160.370	102113204
160.470	102172644
160.570	102233036
160.670	102293064
160.770	102352632
160.870	102412592
160.970	102472528
161.070	102532168
161.170	102591964
161.270	102651780
161.370	102711860
161.470	102771572
161.570	102831044
161.670	102891176
161.770	102950704
161.870	103011440
161.970	103071068
162.070	103130264
162.170	103190332
162.270	103251320
162.370	103311504
162.470	103371740
162.570	103431404
162.670	103490760
162.770	103551100
162.870	103611424
162.970	103670936
163.070	103731812
163.170	103791064
163.270	103850332
163.370	103909916
163.470	103970188
163.569	104030216
163.669	104090492
163.769	104151360
163.869	104211808
163.969	104271660
164.069	104331656
164.169	104390288
164.269	104448784
164.369	104507844
164.469	104567568
164.569	104626268
164.669	104684036
164.769	104741856
164.869	104800408
164.969	104857560
165.069	104916548
165.169	104975012
165.269	105034516
165.369	105095844
165.469	105157088
165.569	105218984
165.669	105281420
165.769	105344232
165.869	105406492
165.969	105468376
166.069	105529580
166.169	105589960
166.269	105651860
166.369	105714204
166.469	105776544
166.569	105838704
166.669	105902092
166.769	105966220
166.869	106029800
166.969	106094512
167.069	106159580
167.169	106225228
167.269	106291848
167.369	106356904
167.469	106422348
167.569	106488716
167.669	106554180
167.769	106618684
167.869	106683996
167.969	106748264
168.069	106812268
168.169	106875224
168.269	106938332
168.369	107001300
168.469	107065124
168.569	107128280
168.669	107192196
168.769	107254072
168.869	107316712
168.969	107380200
169.069	107444408
169.169	107508252
169.269	107571280
169.369	107633648
169.469	107696176
169.569	107756868
169.669	107818144
169.769	107878004
169.869	107937596
169.969	107996528
170.069	108056132
170.169	108115348
170.269	108174396
170.369	108233184
170.469	108292240
170.569	108350164
170.669	108408876
170.769	108467320
170.869	108525248
170.969	108584588
171.069	108643260
171.169	108701748
171.269	108761656
171.369	108822032
171.469	108881748
171.569	108942532
171.669	109003916
171.769	109066196
171.869	109128056
171.969	109190868
172.069	109253324
172.169	109315972
172.269	109378244
172.369	109440700
172.468	109503460
172.568	109567856
172.668	109633740
172.768	109699184
172.868	109763128
172.968	109825192
173.068	109886200
173.168	109947932
173.268	110008260
173.368	110070212
173.468	110131888
173.568	110193264
173.668	110255864
173.768	110317992
173.868	110381428
173.968	110444928
174.068	110506192
174.168	110567068
174.268	110628288
174.368	110688720
174.468	110749604
174.568	110810628
174.668	110870860
174.768	110930392
174.868	110988568
174.968	111046048
175.068	111104196
175.168	111161484
175.268	111218612
175.368	111276340
175.468	111334352
175.568	111391036
175.668	111447372
175.768	111504460
175.868	111560996
175.968	111617852
176.068	111674756
176.168	111731708
176.268	111787892
176.368	111844996
176.468	111902656
176.568	111961092
176.668	112019652
176.768	112078024
176.868	112135888
176.968	112193232
177.068	112252292
177.168	112309348
177.268	112367560
177.368	112426548
177.468	112485024
177.568	112545056
177.668	112604696
177.768	112664060
177.868	112722740
177.968	112781496
178.068	112841484
178.168	112900832
178.268	112960376
178.368	113020448
178.468	113080760
178.568	113140172
178.668	113200132
178.768	113260552
178.868	113319340
178.968	113378716
179.068	113438904
179.168	113498356
179.268	113557444
179.368	113616592
179.468	113675832
179.568	113734736
179.668	113794592
179.768	113853820
179.868	113912304
179.968	113969980
180.068	114028796
180.168	114086508
180.268	114144360
180.368	114202408
180.468	114259964
180.568	114318044
180.668	114376376
180.768	114435992
180.868	114495740
180.968	114554908
181.068	114613800
181.168	114672440
181.268	114730488
181.368	114789832
181.467	114848668
181.567	114907752
181.667	114966068
181.767	115025324
181.867	115085396
181.967	115143840
182.067	115203464
182.167	115262252
182.267	115319504
182.367	115377920
182.467	115435832
182.567	115493304
182.667	115550216
182.767	115606612
182.867	115664104
182.967	115721800
183.067	115780008
183.167	115838148
183.267	115895448
183.367	115951560
183.467	116007892
183.567	116063472
183.667	116118608
183.767	116174196
183.867	116229508
183.967	116285120
184.067	116339784
184.167	116395680
184.267	116450364
184.367	116505596
184.467	116559840
184.567	116614084
184.667	116668060
184.767	116722340
184.867	116777112
184.967	116831568
185.067	116886304
185.167	116941460
185.267	116997000
185.367	117052608
185.467	117107372
185.567	117161692
185.667	117215812
185.767	117270576
185.867	117324284
185.967	117377404
186.067	117430860
186.167	117485136
186.267	117538280
186.367	117591560
186.467	117645708
186.567	117697924
186.667	117751076
186.767	117803188
186.867	117855660
186.967	117907672
187.067	117959960
187.167	118012244
187.267	118064760
187.367	118117892
187.467	118170164
187.567	118222128
187.667	118274464
187.767	118327748
187.867	118380352
187.967	118433296
188.067	118486036
188.167	118538636
188.267	118591456
188.367	118644636
188.467	118698216
188.567	118751536
188.667	118803912
188.767	118856768
188.867	118909524
188.967	118961484
189.067	119013720
189.167	119065148
189.267	119117056
189.367	119169444
189.467	119221868
189.567	119274052
189.667	119326360
189.767	119378480
189.867	119431124
189.967	119482704
190.067	119533840
190.167	119584584
190.267	119635644
190.366	119686744
190.466	119738116
190.566	119789584
190.666	119840596
190.766	119891608
190.866	119942420
190.966	119993200
191.066	120044928
191.166	120095600
191.266	120146960
191.366	120197976
191.466	120249860
191.566	120301164
191.666	120352624
191.766	120404052
191.866	120455660
191.966	120507892
192.066	120560520
192.166	120612728
192.266	120665308
192.366	120717496
192.466	120770308
192.566	120822748
192.666	120874940
192.766	120927836
192.866	120980480
192.966	121033528
193.066	121087188
193.166	121141660
193.266	121195668
193.366	121248652
193.466	121301844
193.566	121354996
193.666	121408536
193.766	121461372
193.866	121513288
193.966	121566596
194.066	121619404
194.166	121672620
194.266	121725068
194.366	121778632
194.466	121831372
194.566	121885220
194.666	121938272
194.766	121992448
194.866	122045220
194.966	122098880
195.066	122152440
195.166	122206224
195.266	122259488
195.366	122312764
195.466	122365584
195.566	122417876
195.666	122469980
195.766	122522052
195.866	122573412
195.966	122624804
196.066	122676876
196.166	122728072
196.266	122779688
196.366	122831692
196.466	122883156
196.566	122935600
196.666	122988208
196.766	123039368
196.866	123090936
196.966	123142500
197.066	123193700
197.166	123245520
197.266	123297924
197.366	123349984
197.466	123402464
197.566	123454776
197.666	123506060
197.766	123557932
197.866	123609836
197.966	123662064
198.066	123714036
198.166	123765412
198.266	123817804
198.366	123869712
198.466	123921576
198.566	123973500
198.666	124026040
198.766	124077320
198.866	124129344
198.966	124181204
199.066	124232176
199.166	124283640
199.265	124334028
199.365	124384560
199.465	124435268
199.565	124485908
199.665	124535732
199.765	124586108
199.865	124636708
199.965	124687308
200.065	124736776
200.165	124786732
200.265	124836776
200.365	124887164
200.465	124937640
200.565	124987396
200.665	125037160
200.765	125086788
200.865	125137180
200.965	125187272
201.065	125236460
201.165	125285104
201.265	125334132
201.365	125381772
201.465	125430564
201.565	125478816
201.665	125527704
201.765	125575524
201.865	125623572
201.965	125671756
202.065	125720644
202.165	125768368
202.265	125816276
202.365	125864436
202.465	125912696
202.565	125960272
202.665	126008236
202.765	126056064
202.865	126103212
202.965	126151528
203.065	126198744
203.165	126246508
203.265	126294680
203.365	126343088
203.465	126391120
203.565	126439408
203.665	126487748
203.765	126536200
203.865	126584820
203.965	126632316
204.065	126680456
204.165	126728088
204.265	126776020
204.365	126824020
204.465	126871460
204.565	126919776
204.665	126967196
204.765	127014436
204.865	127061548
204.965	127108232
205.065	127155328
205.165	127202716
205.265	127249976
205.365	127297208
205.465	127343640
205.565	127391004
205.665	127437852
205.765	127485104
205.865	127531868
205.965	127579228
206.065	127626928
206.165	127675056
206.265	127723200
206.365	127771408
206.465	127819696
206.565	127868936
206.665	127917548
206.765	127966588
206.865	128014632
206.965	128063504
207.065	128111868
207.165	128160564
207.265	128208560
207.365	128257184
207.465	128304372
207.565	128352236
207.665	128400456
207.765	128448628
207.865	128496608
207.965	128543784
208.065	128591056
208.165	128638464
208.264	128685472
208.364	128732324
208.464	128779524
208.564	128826784
208.664	128873764
208.764	128921932
208.864	128968844
208.964	129016616
209.064	129064336
209.164	129111536
209.264	129159400
209.364	129206940
209.464	129253884
209.564	129300456
209.664	129346672
209.764	129393332
209.864	129439884
209.964	129486036
210.064	129533392
210.164	129580508
210.264	129628240
210.364	129676328
210.464	129724732
210.564	129771996
210.664	129819800
210.764	129867660
210.864	129914484
210.964	129961576
211.064	130008440
211.164	130055064
211.264	130102028
211.364	130148776
211.464	130195304
211.564	130241596
211.664	130287640
211.764	130334740
211.864	130381276
211.964	130427564
212.064	130473088
212.164	130518588
212.264	130564660
212.364	130610408
212.464	130655132
212.564	130700628
212.664	130745888
212.764	130790872
212.864	130836940
212.964	130882044
213.064	130927576
213.164	130973952
213.264	131020200
213.364	131067748
213.464	131113852
213.564	131160484
213.664	131207248
213.764	131253832
213.864	131300300
213.964	131347568
214.064	131393776
214.164	131439996
214.264	131486436
214.364	131532732
214.464	131579640
214.564	131625768
214.664	131672108
214.764	131717776
214.864	131762920
214.964	131809360
215.064	131854316
215.164	131899756
215.264	131944216
215.364	131990056
215.464	132035300
215.564	132079816
215.664	132125072
215.764	132169848
215.864	132216008
215.964	132261604
216.064	132307232
216.164	132353548
216.264	132399616
216.364	132446804
216.464	132494244
216.564	132540608
216.664	132587860
216.764	132634996
216.864	132682576
216.964	132729412
217.064	132776684
217.163	132822740
217.263	132868540
217.363	132914384
217.463	132959540
217.563	133005332
217.663	133050472
217.763	133095692
217.863	133140852
217.963	133185628
218.063	133231192
218.163	133275876
218.263	133320524
218.363	133365116
218.463	133410228
218.563	133456012
218.663	133500980
218.763	133545932
218.863	133590700
218.963	133635424
219.063	133679992
219.163	133724588
219.263	133769320
219.363	133813484
219.463	133857684
219.563	133902124
219.663	133945720
219.763	133989964
219.863	134034088
219.963	134078220
220.063	134121792
220.163	134165512
220.263	134209188
220.363	134252524
220.463	134296676
220.563	134340432
220.663	134383740
220.763	134427816
220.863	134471072
220.963	134515312
221.063	134558804
221.163	134601856
221.263	134645344
221.363	134689304
221.463	134732552
221.563	134776376
221.663	134820504
221.763	134864524
221.863	134907640
221.963	134951168
222.063	134993884
222.163	135036784
222.263	135079156
222.363	135121256
222.463	135163532
222.563	135205980
222.663	135248252
222.763	135290000
222.863	135331892
222.963	135374272
223.063	135415860
223.163	135457176
223.263	135499484
223.363	135541236
223.463	135582552
223.563	135624308
223.663	135666236
223.763	135707756
223.863	135749148
223.963	135790644
224.063	135832316
224.163	135874464
224.263	135916420
224.363	135958708
224.463	136001292
224.563	136043184
224.663	136085708
224.763	136127008
224.863	136168232
224.963	136209972
225.063	136251460
225.163	136294316
225.263	136336520
225.363	136379632
225.463	136422468
225.563	136466104
225.663	136508780
225.763	136552612
225.863	136596220
225.963	136640284
226.063	136683996
226.162	136727008
226.262	136770180
226.362	136813140
226.462	136856576
226.562	136899736
226.662	136942152
226.762	136985128
226.862	137027144
226.962	137069236
227.062	137110760
227.162	137152512
227.262	137194100
227.362	137235468
227.462	137276760
227.562	137318036
227.662	137359312
227.762	137401204
227.862	137442336
227.962	137484244
228.062	137526220
228.162	137567740
228.262	137609020
228.362	137650824
228.462	137692368
228.562	137733876
228.662	137776356
228.762	137818264
228.862	137859668
228.962	137901076
229.062	137943348
229.162	137984856
229.262	138026396
229.362	138067768
229.462	138109252
229.562	138150928
229.662	138192592
229.762	138234140
229.862	138275596
229.962	138317148
230.062	138357736
230.162	138398592
230.262	138439300
230.362	138480708
230.462	138521352
230.562	138562612
230.662	138604248
230.762	138646004
230.862	138687084
230.962	138728556
231.062	138771116
231.162	138813388
231.262	138855516
231.362	138897308
231.462	138939156
231.562	138980968
231.662	139022088
231.762	139063092
231.862	139104088
231.962	139144992
232.062	139185180
232.162	139225364
232.262	139265572
232.362	139306292
232.462	139346140
232.562	139385748
232.662	139425556
232.762	139465716
232.862	139504816
232.962	139544608
233.062	139584016
233.162	139624312
233.262	139663728
233.362	139703840
233.462	139743772
233.562	139783844
233.662	139823780
233.762	139863456
233.862	139903612
233.962	139943288
234.062	139983792
234.162	140023412
234.262	140062840
234.362	140102440
234.462	140142204
234.562	140181544
234.662	140221196
234.762	140261072
234.862	140301012
234.962	140340300
235.061	140380164
235.161	140420176
235.261	140459836
235.361	140499552
235.461	140539140
235.561	140578912
235.661	140618912
235.761	140659240
235.861	140699028
235.961	140739364
236.061	140779000
236.161	140818528
236.261	140857696
236.361	140896936
236.461	140936724
236.561	140976984
236.661	141016612
236.761	141056540
236.861	141096848
236.961	141136656
237.061	141176564
237.161	141216700
237.261	141256324
237.361	141295372
237.461	141335588
237.561	141375144
237.661	141415324
237.761	141454916
237.861	141494180
237.961	141533344
238.061	141572680
238.161	141611800
238.261	141651664
238.361	141691400
238.461	141730856
238.561	141770696
238.661	141811040
238.761	141850328
238.861	141890072
238.961	141929348
239.061	141969900
239.161	142009340
239.261	142048704
239.361	142088768
239.461	142128296
239.561	142168692
239.661	142208520
239.761	142248552
239.861	142287884
239.961	142327548
240.061	142367376
240.161	142406480
240.261	142445756
240.361	142485352
240.461	142525500
240.561	142564336
240.661	142603220
240.761	142642820
240.861	142682384
240.961	142721512
241.061	142760296
241.161	142800112
241.261	142839764
241.361	142879336
241.461	142918668
241.561	142957664
241.661	142996784
241.761	143035540
241.861	143074500
241.961	143113524
242.061	143152348
242.161	143190648
242.261	143229308
242.361	143267676
242.461	143306024
242.561	143344520
242.661	143383192
242.761	143422032
242.861	143460484
242.961	143499272
243.061	143537788
243.161	143576864
243.261	143614660
243.361	143653696
243.461	143691948
243.561	143729804
243.661	143767952
243.761	143806356
243.861	143844860
243.960	143883400
244.060	143922224
244.160	143960316
244.260	143998340
244.360	144036752
244.460	144074868
244.560	144113556
244.660	144151856
244.760	144190968
244.860	144229240
244.960	144268400
245.060	144306596
245.160	144344812
245.260	144383788
245.360	144422376
245.460	144461060
245.560	144499808
245.660	144538116
245.760	144577140
245.860	144616080
245.960	144655356
246.060	144694476
246.160	144733112
246.260	144772440
246.360	144811316
246.460	144850448
246.560	144889388
246.660	144928620
246.760	144967696
246.860	145006704
246.960	145045584
247.060	145085312
247.160	145124456
247.260	145163800
247.360	145203916
247.460	145243244
247.560	145283052
247.660	145321816
247.760	145360740
247.860	145399992
247.960	145439912
248.060	145478936
248.160	145517768
248.260	145557260
248.360	145596356
248.460	145635420
248.560	145675204
248.660	145713316
248.760	145752456
248.860	145791716
248.960	145831212
249.060	145870396
249.160	145909816
249.260	145949940
249.360	145990460
249.460	146030792
249.560	146071176
249.660	146110828
249.760	146150636
249.860	146190620
249.960	146229980
250.060	146270196
250.160	146309832
250.260	146349760
250.360	146389372
250.460	146429236
250.560	146469408
250.660	146508648
250.760	146548324
250.860	146588436
250.960	146628396
251.060	146668492
251.160	146708804
251.260	146748788
251.360	146788756
251.460	146828496
251.560	146868556
251.660	146908384
251.760	146948180
251.860	146988428
251.960	147028452
252.060	147068536
252.160	147108520
252.260	147148656
252.360	147188644
252.460	147228996
252.560	147268680
252.660	147308544
252.760	147348504
252.860	147388544
252.959	147428792
253.059	147469148
253.159	147509228
253.259	147548956
253.359	147588664
253.459	147628964
253.559	147669476
253.659	147709884
253.759	147750132
253.859	147790884
253.959	147830416
254.059	147871404
254.159	147911808
254.259	147951608
254.359	147991772
254.459	148032292
254.559	148071912
254.659	148112456
254.759	148153196
254.859	148194208
254.959	148234916
255.059	148274712
255.159	148315684
255.259	148355760
255.359	148395420
255.459	148435500
255.559	148476028
255.659	148516768
255.759	148558332
255.859	148599812
255.959	148641100
256.059	148682736
256.159	148723740
256.259	148763864
256.359	148805192
256.459	148846388
256.559	148886816
256.659	148927176
256.759	148966992
256.859	149007092
256.959	149047784
257.059	149087900
257.159	149128224
257.259	149169108
257.359	149209864
257.459	149250472
257.559	149291192
257.659	149332524
257.759	149373432
257.859	149414220
257.959	149454860
258.059	149495456
258.159	149536920
258.259	149579628
258.359	149621160
258.459	149662608
258.559	149704156
258.659	149744844
258.759	149785556
258.859	149825440
258.959	149865604
259.059	149905780
259.159	149946460
259.259	149985720
259.359	150026104
259.459	150065580
259.559	150105924
259.659	150146116
259.759	150186316
259.859	150226564
259.959	150266292
260.059	150306528
260.159	150346352
260.259	150387020
260.359	150426996
260.459	150467096
260.559	150507644
260.659	150548176
260.759	150588712
260.859	150628776
260.959	150669344
261.059	150709744
261.159	150749116
261.259	150790140
261.359	150830624
261.459	150870356
261.559	150911320
261.659	150952192
261.759	150992368
261.858	151032172
261.958	151072080
262.058	151112004
262.158	151152640
262.258	151192840
262.358	151233424
262.458	151273668
262.558	151313948
262.658	151354436
262.758	151394752
262.858	151434660
262.958	151474708
263.058	151514844
263.158	151554696
263.258	151594576
263.358	151634960
263.458	151674564
263.558	151714400
263.658	151753952
263.758	151793384
263.858	151833832
263.958	151874284
264.058	151913792
264.158	151954004
264.258	151993584
264.358	152033752
264.458	152073864
264.558	152114256
264.658	152155052
264.758	152195056
264.858	152235204
264.958	152275496
265.058	152315456
265.158	152355744
265.258	152396360
265.358	152436436
265.458	152477836
265.558	152517484
265.658	152557888
265.758	152598364
265.858	152638692
265.958	152678596
266.058	152717916
266.158	152757100
266.258	152796364
266.358	152835932
266.458	152874920
266.558	152914192
266.658	152953948
266.758	152993020
266.858	153033020
266.958	153071992
267.058	153110984
267.158	153150328
267.258	153189672
267.358	153228468
267.458	153267260
267.558	153306136
267.658	153345072
267.758	153383716
267.858	153422800
267.958	153461904
268.058	153500708
268.158	153539376
268.258	153579096
268.358	153618264
268.458	153657848
268.558	153697668
268.658	153737440
268.758	153777696
268.858	153817384
268.958	153857400
269.058	153897620
269.158	153938236
269.258	153978580
269.358	154018960
269.458	154058888
269.558	154098684
269.658	154138472
269.758	154178652
269.858	154218960
269.958	154258612
270.058	154298756
270.158	154338864
270.258	154379812
270.358	154420340
270.458	154460504
270.558	154500168
270.658	154540476
270.758	154580372
270.857	154619908
270.957	154658720
271.057	154697856
271.157	154738316
271.257	154777920
271.357	154816828
271.457	154856148
271.557	154895360
271.657	154934356
271.757	154973616
271.857	155013116
271.957	155052452
272.057	155091092
272.157	155130560
272.257	155169580
272.357	155208876
272.457	155248136
272.557	155287776
272.657	155327072
272.757	155366220
272.857	155404792
272.957	155444028
273.057	155483816
273.157	155523592
273.257	155563548
273.357	155603256
273.457	155642700
273.557	155681888
273.657	155722020
273.757	155761464
273.857	155801148
273.957	155841024
274.057	155881500
274.157	155922080
274.257	155962668
274.357	156003664
274.457	156044676
274.557	156086292
274.657	156128144
274.757	156169716
274.857	156211872
274.957	156253632
275.057	156294664
275.157	156336700
275.257	156378764
275.357	156421512
275.457	156464704
275.557	156507560
275.657	156550560
275.757	156594012
275.857	156636688
275.957	156681128
276.057	156725208
276.157	156769412
276.257	156813280
276.357	156857640
276.457	156907236
276.557	156977728
276.657	157050884
276.757	157109640
276.857	157156892
276.957	157203584
277.057	157251604
277.157	157298696
277.257	157346132
277.357	157393748
277.457	157441160
277.557	157489396
277.657	157536984
277.757	157583828
277.857	157632268
277.957	157679608
278.057	157727108
278.157	157774004
278.257	157820500
278.357	157866648
278.457	157913072
278.557	157961808
278.657	158008884
278.757	158056616
278.857	158103580
278.957	158150340
279.057	158197732
279.157	158246716
279.257	158294108
279.357	158340836
279.457	158388696
279.557	158436276
279.657	158483560
279.756	158530840
279.856	158577136
279.956	158624740
280.056	158671524
280.156	158719624
280.256	158766552
280.356	158813120
280.456	158859388
280.556	158904768
280.656	158951212
280.756	158997564
280.856	159043756
280.956	159089572
281.056	159136312
281.156	159183048
281.256	159228272
281.356	159275696
281.456	159323560
281.556	159370712
281.656	159418228
281.756	159465012
281.856	159511524
281.956	159557812
282.056	159604852
282.156	159652224
282.256	159699300
282.356	159745456
282.456	159792124
282.556	159838472
282.656	159884584
282.756	159930548
282.856	159976224
282.956	160022456
283.056	160068260
283.156	160113580
283.256	160158832
283.356	160203632
283.456	160248520
283.556	160293356
283.656	160337864
283.756	160383404
283.856	160428928
283.956	160474956
284.056	160520200
284.156	160565552
284.256	160610156
284.356	160655404
284.456	160700936
284.556	160745108
284.656	160790088
284.756	160833832
284.856	160878176
284.956	160923152
285.056	160967812
285.156	161012688
285.256	161056644
285.356	161100100
285.456	161144784
285.556	161189492
285.656	161234440
285.756	161279216
285.856	161324796
285.956	161369960
286.056	161414980
286.156	161459544
286.256	161505272
286.356	161548952
286.456	161593560
286.556	161636748
286.656	161679796
286.756	161720832
286.856	161759796
286.956	161796824
287.056	161827180
287.156	161849736
287.256	161862544
287.356	161871724
287.456	161879304
287.556	161885152
287.656	161888692
287.756	161890456
287.856	161891168
287.956	161891448
288.056	161891632
288.156	161891740
288.256	161891796
288.356	161891840
288.456	161891904
288.556	161891984
288.656	161892044
288.755	161892092
288.855	161892144
288.955	161892192
289.055	161892240
289.155	161892296
289.255	161892324
289.355	161892368
289.455	161892420
289.555	161892444
289.655	161892484
289.755	161892508
289.855	161892524
289.955	161892556
290.055	161892584
290.155	161892604
290.255	161892616
290.355	161892632
290.455	161892660
290.555	161892684
290.655	161892704
290.755	161892708
290.855	161892732
290.955	161892752
291.055	161892772
291.155	161892788
291.255	161892804
291.355	161892824
291.455	161892856
291.555	161892872