%  hypsometry data
%  created by Bryce Glenn, Julian Cross, and Maciek Obryk
%  orthometric heights
%  based on local datum (WGS84 +53.4 m)
%  Depth h (m)    Area A Min RIS (m^2)	
39.855	0
39.955	4
40.055	8
40.155	40
40.256	92
40.356	220
40.456	440
40.556	752
40.656	1288
40.756	1948
40.856	2768
40.956	3944
41.056	4960
41.156	5924
41.256	6688
41.356	7392
41.456	8308
41.556	9176
41.656	10000
41.756	10768
41.856	11404
41.956	11960
42.056	12516
42.156	13100
42.256	13624
42.356	14128
42.456	14676
42.556	15240
42.656	15928
42.756	16612
42.856	17616
42.956	18860
43.056	20596
43.156	22568
43.256	25208
43.356	28300
43.456	31300
43.556	34200
43.656	36900
43.756	39388
43.856	41396
43.956	43456
44.056	45268
44.156	46952
44.256	48528
44.356	50248
44.456	51808
44.556	53232
44.656	54808
44.756	56364
44.856	57904
44.956	59564
45.056	61152
45.156	62864
45.256	64676
45.356	66444
45.456	68232
45.556	69992
45.656	71932
45.756	73772
45.856	75532
45.956	77624
46.056	79576
46.156	81320
46.256	83192
46.356	84940
46.456	86748
46.556	88592
46.656	90300
46.756	92224
46.856	94312
46.956	96536
47.056	98976
47.156	101280
47.257	103864
47.357	106536
47.457	109664
47.557	112804
47.657	116044
47.757	119816
47.857	123232
47.957	126804
48.057	129640
48.157	132552
48.257	135444
48.357	138212
48.457	140948
48.557	143904
48.657	146692
48.757	149960
48.857	153384
48.957	157228
49.057	161424
49.157	166248
49.257	171608
49.357	178084
49.457	185748
49.557	194388
49.657	203660
49.757	213224
49.857	221952
49.957	230056
50.057	237432
50.157	244104
50.257	249888
50.357	255780
50.457	261636
50.557	266932
50.657	272084
50.757	277364
50.857	282620
50.957	288032
51.057	293356
51.157	298772
51.257	303876
51.357	308968
51.457	314376
51.557	319824
51.657	325340
51.757	330768
51.857	335424
51.957	340072
52.057	344668
52.157	349064
52.257	353240
52.357	357376
52.457	361420
52.557	365208
52.657	369160
52.757	373088
52.857	376692
52.957	380640
53.057	384448
53.157	388176
53.257	392264
53.357	396348
53.457	401052
53.557	405936
53.657	410860
53.757	416192
53.857	421128
53.957	425748
54.057	430080
54.157	434344
54.257	438640
54.358	442912
54.458	447160
54.558	451332
54.658	455628
54.758	459952
54.858	464244
54.958	468816
55.058	473444
55.158	478132
55.258	482972
55.358	487824
55.458	492884
55.558	498184
55.658	503252
55.758	508328
55.858	513312
55.958	518032
56.058	522780
56.158	527496
56.258	532540
56.358	537580
56.458	542824
56.558	548464
56.658	554400
56.758	560508
56.858	567048
56.958	573920
57.058	581220
57.158	588532
57.258	596136
57.358	604280
57.458	613452
57.558	623164
57.658	633632
57.758	643916
57.858	653656
57.958	662584
58.058	670428
58.158	677780
58.258	684636
58.358	691252
58.458	697852
58.558	704208
58.658	710388
58.758	716348
58.858	722728
58.958	729060
59.058	735328
59.158	741920
59.258	748540
59.358	755096
59.458	761500
59.558	768000
59.658	774656
59.758	781800
59.858	788304
59.958	794972
60.058	800924
60.158	807236
60.258	813308
60.358	819292
60.458	825024
60.558	831096
60.658	836704
60.758	842508
60.858	848428
60.958	854204
61.058	860328
61.158	866632
61.258	873208
61.359	879972
61.459	887308
61.559	894624
61.659	901676
61.759	909000
61.859	916044
61.959	923096
62.059	929576
62.159	935968
62.259	942544
62.359	948868
62.459	955276
62.559	961604
62.659	968024
62.759	974364
62.859	980896
62.959	987856
63.059	994796
63.159	1001780
63.259	1009860
63.359	1018388
63.459	1027060
63.559	1036716
63.659	1046500
63.759	1055984
63.859	1065268
63.959	1074328
64.059	1082728
64.159	1090792
64.259	1098952
64.359	1106896
64.459	1114444
64.559	1121920
64.659	1129396
64.759	1136812
64.859	1144484
64.959	1152332
65.059	1160448
65.159	1168744
65.259	1177196
65.359	1185608
65.459	1194456
65.559	1203276
65.659	1212524
65.759	1221492
65.859	1230396
65.959	1239168
66.059	1247652
66.159	1255764
66.259	1263912
66.359	1272024
66.459	1280492
66.559	1288512
66.659	1296772
66.759	1305136
66.859	1313364
66.959	1322224
67.059	1331436
67.159	1341436
67.259	1351584
67.359	1362216
67.459	1373296
67.559	1385348
67.659	1397088
67.759	1409156
67.859	1421108
67.959	1433248
68.059	1445252
68.159	1457328
68.259	1470144
68.360	1482844
68.460	1496028
68.560	1509616
68.660	1522960
68.760	1536652
68.860	1550184
68.960	1563924
69.060	1578092
69.160	1592080
69.260	1605124
69.360	1617468
69.460	1628576
69.560	1638600
69.660	1647624
69.760	1656240
69.860	1664852
69.960	1672916
70.060	1680720
70.160	1688828
70.260	1696884
70.360	1705040
70.460	1712884
70.560	1721236
70.660	1729464
70.760	1737148
70.860	1744980
70.960	1752884
71.060	1760204
71.160	1767416
71.260	1774788
71.360	1781604
71.460	1788136
71.560	1794820
71.660	1801420
71.760	1808040
71.860	1814664
71.960	1820724
72.060	1827048
72.160	1833292
72.260	1839700
72.360	1846380
72.460	1854048
72.560	1862492
72.660	1873120
72.760	1886856
72.860	1903120
72.960	1922832
73.060	1944816
73.160	1967048
73.260	1986100
73.360	2002932
73.460	2021860
73.560	2046520
73.660	2079176
73.760	2114968
73.860	2149352
73.960	2178220
74.060	2198288
74.160	2213104
74.260	2226256
74.360	2237900
74.460	2253232
74.560	2272144
74.660	2288704
74.760	2301928
74.860	2313216
74.960	2323304
75.060	2332840
75.160	2341748
75.260	2349988
75.361	2358296
75.461	2366264
75.561	2374544
75.661	2382352
75.761	2390380
75.861	2398032
75.961	2405624
76.061	2413280
76.161	2421168
76.261	2428840
76.361	2436044
76.461	2443616
76.561	2450960
76.661	2458468
76.761	2465804
76.861	2473092
76.961	2480104
77.061	2487116
77.161	2493996
77.261	2501060
77.361	2508008
77.461	2515008
77.561	2522388
77.661	2529392
77.761	2536364
77.861	2543484
77.961	2550452
78.061	2557332
78.161	2564196
78.261	2571180
78.361	2578244
78.461	2585360
78.561	2592292
78.661	2599804
78.761	2607492
78.861	2614584
78.961	2621980
79.061	2629636
79.161	2637324
79.261	2645284
79.361	2653120
79.461	2660700
79.561	2668276
79.661	2675652
79.761	2683684
79.861	2691208
79.961	2698540
80.061	2706208
80.161	2713856
80.261	2720892
80.361	2728036
80.461	2734952
80.561	2742132
80.661	2749072
80.761	2755880
80.861	2762884
80.961	2769752
81.061	2777044
81.161	2784488
81.261	2791988
81.361	2799436
81.461	2806968
81.561	2814556
81.661	2822340
81.761	2830040
81.861	2837392
81.961	2844620
82.061	2851828
82.161	2859328
82.261	2866520
82.362	2873764
82.462	2881024
82.562	2888184
82.662	2895124
82.762	2901952
82.862	2908784
82.962	2915476
83.062	2922440
83.162	2929032
83.262	2935680
83.362	2942836
83.462	2949864
83.562	2956796
83.662	2963524
83.762	2970176
83.862	2976808
83.962	2983172
84.062	2989664
84.162	2995848
84.262	3002104
84.362	3008348
84.462	3014440
84.562	3020856
84.662	3027076
84.762	3033376
84.862	3039620
84.962	3045628
85.062	3051456
85.162	3057672
85.262	3063644
85.362	3069596
85.462	3075768
85.562	3081556
85.662	3087508
85.762	3093304
85.862	3099320
85.962	3105584
86.062	3111928
86.162	3117968
86.262	3124164
86.362	3130160
86.462	3136232
86.562	3142240
86.662	3148424
86.762	3154420
86.862	3160616
86.962	3166792
87.062	3172908
87.162	3179112
87.262	3184920
87.362	3191192
87.462	3196928
87.562	3202824
87.662	3208596
87.762	3214988
87.862	3221180
87.962	3227104
88.062	3232896
88.162	3238600
88.262	3244412
88.362	3250200
88.462	3255992
88.562	3261876
88.662	3267788
88.762	3273608
88.862	3279876
88.962	3286052
89.062	3291996
89.162	3298244
89.262	3304356
89.363	3310428
89.463	3316548
89.563	3323108
89.663	3329504
89.763	3336016
89.863	3342100
89.963	3348776
90.063	3355192
90.163	3361476
90.263	3367756
90.363	3374360
90.463	3381020
90.563	3391116
90.663	3401352
90.763	3410920
90.863	3419892
90.963	3427980
91.063	3435640
91.163	3442700
91.263	3449772
91.363	3456936
91.463	3464008
91.563	3471488
91.663	3479060
91.763	3486076
91.863	3493056
91.963	3500404
92.063	3507588
92.163	3514304
92.263	3521280
92.363	3527868
92.463	3534736
92.563	3541416
92.663	3547672
92.763	3554460
92.863	3561388
92.963	3567920
93.063	3574348
93.163	3580920
93.263	3587296
93.363	3593548
93.463	3599772
93.563	3606160
93.663	3611976
93.763	3617852
93.863	3623792
93.963	3629772
94.063	3635708
94.163	3641816
94.263	3647756
94.363	3653828
94.463	3659812
94.563	3666152
94.663	3672132
94.763	3678036
94.863	3684132
94.963	3690036
95.063	3696072
95.163	3701728
95.263	3708008
95.363	3713740
95.463	3719228
95.563	3725228
95.663	3731120
95.763	3736908
95.863	3742800
95.963	3748736
96.063	3754512
96.163	3760752
96.263	3767040
96.364	3773132
96.464	3779328
96.564	3785280
96.664	3791164
96.764	3797128
96.864	3803080
96.964	3808996
97.064	3814888
97.164	3820676
97.264	3826792
97.364	3832628
97.464	3838368
97.564	3844284
97.664	3849996
97.764	3855656
97.864	3861312
97.964	3866992
98.064	3872776
98.164	3878648
98.264	3884176
98.364	3890048
98.464	3896184
98.564	3902064
98.664	3907920
98.764	3914048
98.864	3920752
98.964	3927516
99.064	3933840
99.164	3940100
99.264	3946208
99.364	3952092
99.464	3957868
99.564	3963992
99.664	3969940
99.764	3975848
99.864	3981708
99.964	3987676
100.064	3993392
100.164	3999316
100.264	4005028
100.364	4010940
100.464	4016560
100.564	4022420
100.664	4028132
100.764	4033880
100.864	4039456
100.964	4045036
101.064	4050808
101.164	4056780
101.264	4062344
101.364	4067540
101.464	4073260
101.564	4078968
101.664	4084640
101.764	4090144
101.864	4095696
101.964	4101068
102.064	4106592
102.164	4111968
102.264	4117252
102.364	4122588
102.464	4127744
102.564	4133204
102.664	4138620
102.764	4143692
102.864	4149160
102.964	4154452
103.064	4159744
103.164	4165140
103.264	4170212
103.365	4175288
103.465	4180496
103.565	4186072
103.665	4191236
103.765	4196464
103.865	4201728
103.965	4206936
104.065	4212180
104.165	4217588
104.265	4223048
104.365	4228436
104.465	4233908
104.565	4239088
104.665	4244356
104.765	4249696
104.865	4254820
104.965	4260188
105.065	4265356
105.165	4270664
105.265	4276516
105.365	4281916
105.465	4287352
105.565	4292848
105.665	4298252
105.765	4303604
105.865	4309052
105.965	4314500
106.065	4319764
106.165	4325232
106.265	4330692
106.365	4336128
106.465	4341400
106.565	4346624
106.665	4351952
106.765	4357428
106.865	4363140
106.965	4368604
107.065	4374232
107.165	4379996
107.265	4385876
107.365	4391656
107.465	4397252
107.565	4402636
107.665	4407972
107.765	4413348
107.865	4418848
107.965	4424324
108.065	4429624
108.165	4434872
108.265	4440452
108.365	4445996
108.465	4451544
108.565	4456924
108.665	4462232
108.765	4467452
108.865	4472916
108.965	4478308
109.065	4483844
109.165	4489000
109.265	4494336
109.365	4499488
109.465	4505380
109.565	4510788
109.665	4516384
109.765	4522284
109.865	4527840
109.965	4533480
110.065	4539028
110.165	4544376
110.265	4549996
110.365	4555544
110.466	4560944
110.566	4566820
110.666	4572624
110.766	4578236
110.866	4583892
110.966	4589772
111.066	4595224
111.166	4601048
111.266	4606616
111.366	4612136
111.466	4617756
111.566	4623540
111.666	4628904
111.766	4634716
111.866	4640380
111.966	4646004
112.066	4651584
112.166	4657108
112.266	4662988
112.366	4668916
112.466	4674772
112.566	4680460
112.666	4685956
112.766	4691648
112.866	4697032
112.966	4702396
113.066	4708084
113.166	4713548
113.266	4718860
113.366	4724032
113.466	4729712
113.566	4735084
113.666	4740592
113.766	4746088
113.866	4751796
113.966	4757300
114.066	4762600
114.166	4768136
114.266	4773724
114.366	4778992
114.466	4784384
114.566	4789748
114.666	4794904
114.766	4800028
114.866	4805228
114.966	4810344
115.066	4815536
115.166	4820644
115.266	4825888
115.366	4830908
115.466	4836756
115.566	4842916
115.666	4848816
115.766	4854928
115.866	4861308
115.966	4867624
116.066	4873600
116.166	4879536
116.266	4885352
116.366	4891244
116.466	4897144
116.566	4902692
116.666	4908400
116.766	4913872
116.866	4919364
116.966	4924724
117.066	4930268
117.166	4935672
117.266	4941304
117.366	4946700
117.467	4952188
117.567	4957684
117.667	4963424
117.767	4968732
117.867	4974328
117.967	4979888
118.067	4985640
118.167	4990944
118.267	4996496
118.367	5001764
118.467	5007340
118.567	5012636
118.667	5018076
118.767	5023736
118.867	5029492
118.967	5034960
119.067	5040376
119.167	5045840
119.267	5051568
119.367	5056888
119.467	5062368
119.567	5068068
119.667	5073500
119.767	5079012
119.867	5084560
119.967	5090376
120.067	5095820
120.167	5101764
120.267	5107516
120.367	5112980
120.467	5118616
120.567	5124656
120.667	5130432
120.767	5136272
120.867	5142120
120.967	5148364
121.067	5154056
121.167	5159932
121.267	5165848
121.367	5171744
121.467	5177708
121.567	5183636
121.667	5189468
121.767	5195436
121.867	5201004
121.967	5206724
122.067	5212564
122.167	5218484
122.267	5224188
122.367	5230016
122.467	5235428
122.567	5241308
122.667	5247072
122.767	5252696
122.867	5258428
122.967	5263896
123.067	5269484
123.167	5275104
123.267	5280624
123.367	5286040
123.467	5291544
123.567	5297004
123.667	5302060
123.767	5307756
123.867	5313456
123.967	5318900
124.067	5324328
124.167	5329676
124.267	5335168
124.367	5340540
124.468	5345872
124.568	5351292
124.668	5356812
124.768	5362372
124.868	5367864
124.968	5373496
125.068	5378900
125.168	5384664
125.268	5390008
125.368	5395744
125.468	5401480
125.568	5407132
125.668	5412708
125.768	5418364
125.868	5424428
125.968	5430020
126.068	5435732
126.168	5441160
126.268	5447248
126.368	5453108
126.468	5459200
126.568	5465096
126.668	5471188
126.768	5477084
126.868	5483300
126.968	5489376
127.068	5495528
127.168	5501776
127.268	5507748
127.368	5513748
127.468	5519824
127.568	5525848
127.668	5532060
127.768	5538036
127.868	5544312
127.968	5550464
128.068	5556728
128.168	5563024
128.268	5569112
128.368	5575472
128.468	5581604
128.568	5587456
128.668	5593564
128.768	5599488
128.868	5605588
128.968	5611712
129.068	5617784
129.168	5623612
129.268	5629692
129.368	5635584
129.468	5641608
129.568	5647384
129.668	5653204
129.768	5659036
129.868	5664900
129.968	5670840
130.068	5676608
130.168	5682368
130.268	5688020
130.368	5693908
130.468	5699612
130.568	5705388
130.668	5711348
130.768	5717288
130.868	5723032
130.968	5729296
131.068	5735424
131.168	5741632
131.268	5747632
131.368	5754124
131.469	5760392
131.569	5766936
131.669	5773048
131.769	5779420
131.869	5785692
131.969	5791804
132.069	5797980
132.169	5804364
132.269	5810520
132.369	5816768
132.469	5823472
132.569	5830064
132.669	5836436
132.769	5842512
132.869	5849004
132.969	5855028
133.069	5861284
133.169	5867624
133.269	5873996
133.369	5880268
133.469	5886760
133.569	5893208
133.669	5899416
133.769	5905980
133.869	5912324
133.969	5918820
134.069	5925160
134.169	5931632
134.269	5938152
134.369	5944636
134.469	5951468
134.569	5958424
134.669	5964776
134.769	5971320
134.869	5978496
134.969	5985636
135.069	5993004
135.169	5999972
135.269	6006992
135.369	6013868
135.469	6020704
135.569	6027644
135.669	6034480
135.769	6041264
135.869	6047872
135.969	6054584
136.069	6061496
136.169	6068008
136.269	6074904
136.369	6081548
136.469	6088160
136.569	6094852
136.669	6101548
136.769	6108336
136.869	6115148
136.969	6121844
137.069	6128220
137.169	6134680
137.269	6141184
137.369	6147476
137.469	6154148
137.569	6160768
137.669	6167612
137.769	6174380
137.869	6180964
137.969	6187388
138.069	6193916
138.169	6200668
138.269	6207052
138.369	6213364
138.470	6219992
138.570	6226772
138.670	6233268
138.770	6240072
138.870	6246668
138.970	6253432
139.070	6260128
139.170	6266584
139.270	6273060
139.370	6279780
139.470	6286384
139.570	6292916
139.670	6299068
139.770	6305712
139.870	6312312
139.970	6318888
140.070	6325640
140.170	6332372
140.270	6339252
140.370	6346180
140.470	6353156
140.570	6360080
140.670	6366788
140.770	6373408
140.870	6379964
140.970	6386368
141.070	6392964
141.170	6399452
141.270	6406116
141.370	6412504
141.470	6418868
141.570	6425396
141.670	6432172
141.770	6438816
141.870	6445264
141.970	6451984
142.070	6458748
142.170	6465592
142.270	6472384
142.370	6479156
142.470	6485896
142.570	6492852
142.670	6499356
142.770	6506376
142.870	6513140
142.970	6519724
143.070	6526572
143.170	6533100
143.270	6539688
143.370	6546348
143.470	6552640
143.570	6559000
143.670	6565312
143.770	6571772
143.870	6578104
143.970	6584772
144.070	6591268
144.170	6597580
144.270	6603852
144.370	6610180
144.470	6616252
144.570	6622640
144.670	6628976
144.770	6635704
144.870	6642592
144.970	6649556
145.070	6656044
145.170	6662696
145.270	6669240
145.370	6676152
145.471	6683188
145.571	6690900
145.671	6698416
145.771	6705396
145.871	6712512
145.971	6719960
146.071	6726984
146.171	6734168
146.271	6741288
146.371	6748320
146.471	6755136
146.571	6762260
146.671	6769004
146.771	6775568
146.871	6782612
146.971	6789592
147.071	6796368
147.171	6803220
147.271	6810196
147.371	6817432
147.471	6824224
147.571	6830928
147.671	6838132
147.771	6845392
147.871	6852808
147.971	6860380
148.071	6868008
148.171	6875672
148.271	6883304
148.371	6891180
148.471	6899240
148.571	6907008
148.671	6915208
148.771	6922848
148.871	6930828
148.971	6939052
149.071	6947056
149.171	6955424
149.271	6963520
149.371	6972076
149.471	6980392
149.571	6988908
149.671	6997704
149.771	7006560
149.871	7015020
149.971	7023820
150.071	7032780
150.171	7041876
150.271	7050592
150.371	7059108
150.471	7067920
150.571	7077140
150.671	7086100
150.771	7095432
150.871	7105132
150.971	7114376
151.071	7123452
151.171	7132936
151.271	7142132
151.371	7151616
151.471	7160860
151.571	7169968
151.671	7179148
151.771	7188508
151.871	7197860
151.971	7207420
152.071	7216496
152.171	7225812
152.271	7235104
152.371	7244528
152.472	7254228
152.572	7263924
152.672	7273236
152.772	7282880
152.872	7292304
152.972	7301340
153.072	7310784
153.172	7320160
153.272	7329596
153.372	7339272
153.472	7348716
153.572	7358420
153.672	7367532
153.772	7376592
153.872	7385440
153.972	7394028
154.072	7402876
154.172	7411536
154.272	7419992
154.372	7427884
154.472	7436496
154.572	7444764
154.672	7453256
154.772	7462040
154.872	7471192
154.972	7479752
155.072	7488008
155.172	7495724
155.272	7503780
155.372	7511648
155.472	7519788
155.572	7527616
155.672	7535424
155.772	7543036
155.872	7550680
155.972	7558360
156.072	7566292
156.172	7574476
156.272	7582228
156.372	7590208
156.472	7598044
156.572	7606072
156.672	7613812
156.772	7621656
156.872	7629364
156.972	7636944
157.072	7644816
157.172	7652240
157.272	7659536
157.372	7667004
157.472	7674308
157.572	7681712
157.672	7689056
157.772	7696224
157.872	7703548
157.972	7711008
158.072	7718184
158.172	7725472
158.272	7732700
158.372	7739688
158.472	7746628
158.572	7753392
158.672	7760416
158.772	7767448
158.872	7774628
158.972	7781888
159.072	7789268
159.172	7796308
159.272	7803284
159.372	7810360
159.473	7817364
159.573	7824820
159.673	7832516
159.773	7840380
159.873	7848016
159.973	7855872
160.073	7863688
160.173	7871568
160.273	7879368
160.373	7887548
160.473	7895432
160.573	7904076
160.673	7912020
160.773	7919604
160.873	7926960
160.973	7934096
161.073	7941060
161.173	7947788
161.273	7954612
161.373	7961152
161.473	7968008
161.573	7974500
161.673	7981120
161.773	7987748
161.873	7994204
161.973	8000852
162.073	8007160
162.173	8013680
162.273	8020000
162.373	8026164
162.473	8032500
162.573	8038560
162.673	8044796
162.773	8050816
162.873	8056804
162.973	8062888
163.073	8069192
163.173	8075240
163.273	8081424
163.373	8087824
163.473	8094056
163.573	8100396
163.673	8106568
163.773	8112788
163.873	8119104
163.973	8125460
164.073	8131756
164.173	8138080
164.273	8144416
164.373	8150828
164.473	8157304
164.573	8163380
164.673	8169628
164.773	8175832
164.873	8182276
164.973	8188432
165.073	8194936
165.173	8201304
165.273	8208024
165.373	8214336
165.473	8221000
165.573	8227544
165.673	8234040
165.773	8240400
165.873	8246676
165.973	8253008
166.073	8259316
166.173	8265396
166.273	8271700
166.373	8278176
166.473	8284188
166.574	8290700
166.674	8296908
166.774	8303436
166.874	8309692
166.974	8315976
167.074	8322392
167.174	8328404
167.274	8334604
167.374	8340768
167.474	8347180
167.574	8353584
167.674	8360056
167.774	8366312
167.874	8372716
167.974	8379000
168.074	8385512
168.174	8392056
168.274	8398496
168.374	8404872
168.474	8411256
168.574	8417856
168.674	8424488
168.774	8431092
168.874	8437404
168.974	8443708
169.074	8450400
169.174	8456772
169.274	8463220
169.374	8469584
169.474	8475996
169.574	8482416
169.674	8488692
169.774	8494900
169.874	8501316
169.974	8507464
170.074	8513704
170.174	8519840
170.274	8526132
170.374	8532244
170.474	8538536
170.574	8544800
170.674	8551136
170.774	8557416
170.874	8563812
170.974	8570348
171.074	8576916
171.174	8582980
171.274	8589644
171.374	8595892
171.474	8602004
171.574	8608216
171.674	8614160
171.774	8620292
171.874	8626464
171.974	8632828
172.074	8639160
172.174	8645140
172.274	8651060
172.374	8657376
172.474	8663400
172.574	8669620
172.674	8675916
172.774	8681792
172.874	8687532
172.974	8693604
173.074	8699712
173.174	8705572
173.274	8711432
173.374	8717192
173.474	8723132
173.575	8729128
173.675	8735144
173.775	8741180
173.875	8746880
173.975	8752812
174.075	8758460
174.175	8764180
174.275	8770168
174.375	8776024
174.475	8781800
174.575	8787444
174.675	8793196
174.775	8799068
174.875	8804672
174.975	8810236
175.075	8816408
175.175	8822176
175.275	8828048
175.375	8834188
175.475	8840096
175.575	8845844
175.675	8851808
175.775	8857880
175.875	8863744
175.975	8869860
176.075	8875584
176.175	8881476
176.275	8887232
176.375	8893000
176.475	8898764
176.575	8904448
176.675	8910496
176.775	8916212
176.875	8922300
176.975	8928176
177.075	8933992
177.175	8940044
177.275	8946048
177.375	8952172
177.475	8958236
177.575	8964444
177.675	8970664
177.775	8976852
177.875	8982988
177.975	8989060
178.075	8995008
178.175	9001528
178.275	9007736
178.375	9013624
178.475	9019612
178.575	9025696
178.675	9031960
178.775	9038068
178.875	9044308
178.975	9050396
179.075	9056848
179.175	9062924
179.275	9069392
179.375	9075616
179.475	9082220
179.575	9088812
179.675	9095140
179.775	9101400
179.875	9107680
179.975	9113536
180.075	9119608
180.175	9125616
180.275	9131920
180.375	9138148
180.475	9144124
180.576	9150152
180.676	9156240
180.776	9162384
180.876	9168540
180.976	9174644
181.076	9180912
181.176	9187572
181.276	9193688
181.376	9200248
181.476	9206680
181.576	9212960
181.676	9219348
181.776	9225544
181.876	9231940
181.976	9237972
182.076	9244284
182.176	9250276
182.276	9256724
182.376	9263192
182.476	9269384
182.576	9275752
182.676	9281888
182.776	9287960
182.876	9294356
182.976	9300588
183.076	9306788
183.176	9312960
183.276	9319124
183.376	9325028
183.476	9330960
183.576	9336940
183.676	9342764
183.776	9348860
183.876	9354704
183.976	9360472
184.076	9366468
184.176	9372260
184.276	9378064
184.376	9383900
184.476	9389820
184.576	9395704
184.676	9401792
184.776	9407928
184.876	9413804
184.976	9420040
185.076	9426120
185.176	9432148
185.276	9438608
185.376	9444912
185.476	9451176
185.576	9457448
185.676	9463648
185.776	9470184
185.876	9476376
185.976	9482860
186.076	9489396
186.176	9495884
186.276	9501980
186.376	9508408
186.476	9514628
186.576	9520788
186.676	9527140
186.776	9533292
186.876	9539480
186.976	9545760
187.076	9552076
187.176	9558472
187.276	9564756
187.376	9570896
187.476	9576960
187.577	9583040
187.677	9589044
187.777	9595184
187.877	9601340
187.977	9607172
188.077	9613264
188.177	9619516
188.277	9625700
188.377	9631556
188.477	9637956
188.577	9644208
188.677	9650160
188.777	9656356
188.877	9662420
188.977	9668900
189.077	9675144
189.177	9681124
189.277	9687356
189.377	9693676
189.477	9699808
189.577	9706012
189.677	9712084
189.777	9718488
189.877	9724572
189.977	9730620
190.077	9736664
190.177	9742500
190.277	9748608
190.377	9754636
190.477	9760636
190.577	9766696
190.677	9772736
190.777	9779084
190.877	9785304
190.977	9791628
191.077	9798148
191.177	9804800
191.277	9811200
191.377	9817636
191.477	9824040
191.577	9830348
191.677	9836400
191.777	9842664
191.877	9848740
191.977	9855088
192.077	9861596
192.177	9867948
192.277	9874188
192.377	9880360
192.477	9886848
192.577	9893112
192.677	9899268
192.777	9905348
192.877	9911512
192.977	9917796
193.077	9923916
193.177	9930348
193.277	9936852
193.377	9942996
193.477	9949392
193.577	9955412
193.677	9961484
193.777	9967920
193.877	9973776
193.977	9980008
194.077	9986372
194.177	9992800
194.277	9998668
194.377	10004628
194.477	10010724
194.578	10016460
194.678	10022316
194.778	10028400
194.878	10033896
194.978	10039764
195.078	10045500
195.178	10051324
195.278	10056828
195.378	10062700
195.478	10068584
195.578	10074472
195.678	10080124
195.778	10085696
195.878	10091488
195.978	10097116
196.078	10102576
196.178	10108204
196.278	10114200
196.378	10119936
196.478	10125728
196.578	10131388
196.678	10137204
196.778	10142880
196.878	10148488
196.978	10154028
197.078	10159684
197.178	10165212
197.278	10170704
197.378	10176240
197.478	10181784
197.578	10187472
197.678	10192900
197.778	10198628
197.878	10204396
197.978	10210148
198.078	10215888
198.178	10221452
198.278	10227148
198.378	10232760
198.478	10238292
198.578	10244188
198.678	10249984
198.778	10255524
198.878	10261160
198.978	10266740
199.078	10272208
199.178	10277812
199.278	10283356
199.378	10288788
199.478	10294272
199.578	10299844
199.678	10305204
199.778	10310592
199.878	10316384
199.978	10321748
200.078	10327172
200.178	10332648
200.278	10338028
200.378	10343668
200.478	10349076
200.578	10354504
200.678	10359916
200.778	10365144
200.878	10370552
200.978	10375784
201.078	10381036
201.178	10386104
201.278	10391316
201.378	10396400
201.478	10401712
201.579	10406712
201.679	10412000
201.779	10417312
201.879	10422436
201.979	10427764
202.079	10433100
202.179	10438080
202.279	10443288
202.379	10448680
202.479	10453672
202.579	10458636
202.679	10463772
202.779	10468932
202.879	10473840
202.979	10479080
203.079	10483940
203.179	10489072
203.279	10494176
203.379	10499344
203.479	10504448
203.579	10509920
203.679	10515432
203.779	10520556
203.879	10525920
203.979	10530832
204.079	10536048
204.179	10541096
204.279	10546220
204.379	10550864
204.479	10555928
204.579	10561116
204.679	10565984
204.779	10570904
204.879	10575760
204.979	10580708
205.079	10585464
205.179	10590256
205.279	10595232
205.379	10600276
205.479	10605204
205.579	10609996
205.679	10614808
205.779	10619776
205.879	10624788
205.979	10629820
206.079	10634820
206.179	10639848
206.279	10645016
206.379	10649764
206.479	10654768
206.579	10659908
206.679	10664896
206.779	10669848
206.879	10674828
206.979	10679852
207.079	10684916
207.179	10689832
207.279	10694748
207.379	10699840
207.479	10704932
207.579	10709820
207.679	10714932
207.779	10719980
207.879	10724968
207.979	10730008
208.079	10735120
208.179	10739952
208.279	10745092
208.379	10750108
208.479	10755424
208.580	10760500
208.680	10765508
208.780	10770364
208.880	10775124
208.980	10780268
209.080	10784920
209.180	10789796
209.280	10794992
209.380	10799748
209.480	10804584
209.580	10809556
209.680	10814292
209.780	10818972
209.880	10823764
209.980	10828680
210.080	10833460
210.180	10838452
210.280	10843456
210.380	10848128
210.480	10852900
210.580	10857648
210.680	10862456
210.780	10867312
210.880	10872164
210.980	10877140
211.080	10881972
211.180	10886832
211.280	10891924
211.380	10896676
211.480	10901688
211.580	10906428
211.680	10911496
211.780	10916384
211.880	10921292
211.980	10926424
212.080	10931628
212.180	10936552
212.280	10941648
212.380	10946528
212.480	10951684
212.580	10956880
212.680	10961808
212.780	10966868
212.880	10972044
212.980	10976912
213.080	10981948
213.180	10986888
213.280	10991784
213.380	10996800
213.480	11001816
213.580	11006788
213.680	11011520
213.780	11016292
213.880	11021204
213.980	11026080
214.080	11031120
214.180	11036300
214.280	11041212
214.380	11046152
214.480	11051204
214.580	11056364
214.680	11061556
214.780	11066656
214.880	11071444
214.980	11076344
215.080	11081284
215.180	11086128
215.280	11090952
215.380	11095656
215.480	11100508
215.581	11105424
215.681	11110160
215.781	11114980
215.881	11119880
215.981	11124756
216.081	11129440
216.181	11134476
216.281	11139204
216.381	11143988
216.481	11148808
216.581	11153380
216.681	11158272
216.781	11163264
216.881	11168220
216.981	11173108
217.081	11178060
217.181	11183192
217.281	11188196
217.381	11192980
217.481	11197836
217.581	11202768
217.681	11207720
217.781	11212704
217.881	11217512
217.981	11222236
218.081	11227168
218.181	11231712
218.281	11236428
218.381	11241184
218.481	11246100
218.581	11250952
218.681	11255860
218.781	11260772
218.881	11265516
218.981	11270276
219.081	11275140
219.181	11279836
219.281	11284624
219.381	11289524
219.481	11294304
219.581	11299096
219.681	11303528
219.781	11308304
219.881	11313040
219.981	11317820
220.081	11322428
220.181	11327068
220.281	11331648
220.381	11336184
220.481	11340748
220.581	11345532
220.681	11350164
220.781	11355064
220.881	11359584
220.981	11364412
221.081	11368924
221.181	11373736
221.281	11378412
221.381	11383316
221.481	11387780
221.581	11392652
221.681	11397236
221.781	11401880
221.881	11406772
221.981	11411508
222.081	11416104
222.181	11420604
222.281	11425244
222.381	11429804
222.481	11434464
222.581	11439176
222.682	11443744
222.782	11448304
222.882	11453308
222.982	11458072
223.082	11462780
223.182	11467464
223.282	11472168
223.382	11476748
223.482	11481424
223.582	11486116
223.682	11491052
223.782	11495500
223.882	11500216
223.982	11504860
224.082	11509512
224.182	11514136
224.282	11518888
224.382	11523660
224.482	11528156
224.582	11532616
224.682	11537424
224.782	11542020
224.882	11546580
224.982	11551396
225.082	11555988
225.182	11560580
225.282	11565420
225.382	11570088
225.482	11574816
225.582	11579736
225.682	11584480
225.782	11589200
225.882	11593892
225.982	11598524
226.082	11603284
226.182	11607852
226.282	11612716
226.382	11617316
226.482	11621936
226.582	11626536
226.682	11631032
226.782	11635708
226.882	11640204
226.982	11644952
227.082	11649532
227.182	11654260
227.282	11658936
227.382	11663492
227.482	11668232
227.582	11672784
227.682	11677456
227.782	11682368
227.882	11687012
227.982	11691476
228.082	11696380
228.182	11701152
228.282	11705864
228.382	11710720
228.482	11715412
228.582	11720200
228.682	11725028
228.782	11729680
228.882	11734412
228.982	11739180
229.082	11743716
229.182	11748440
229.282	11753256
229.382	11757948
229.482	11762704
229.582	11767424
229.683	11772368
229.783	11777284
229.883	11782096
229.983	11786904
230.083	11791840
230.183	11796760
230.283	11801404
230.383	11806120
230.483	11810944
230.583	11815844
230.683	11820492
230.783	11825228
230.883	11829972
230.983	11834672
231.083	11839292
231.183	11844040
231.283	11848824
231.383	11853612
231.483	11858032
231.583	11862896
231.683	11867380
231.783	11871864
231.883	11876408
231.983	11881100
232.083	11885672
232.183	11890116
232.283	11894624
232.383	11899176
232.483	11903532
232.583	11908132
232.683	11912816
232.783	11917288
232.883	11921824
232.983	11926332
233.083	11930968
233.183	11935336
233.283	11940028
233.383	11944540
233.483	11948944
233.583	11953464
233.683	11957912
233.783	11962356
233.883	11966752
233.983	11971172
234.083	11975580
234.183	11980084
234.283	11984376
234.383	11988564
234.483	11992908
234.583	11997296
234.683	12001608
234.783	12005920
234.883	12009964
234.983	12014508
235.083	12018804
235.183	12023100
235.283	12027344
235.383	12031628
235.483	12035976
235.583	12040580
235.683	12044904
235.783	12049224
235.883	12053580
235.983	12058172
236.083	12062380
236.183	12066664
236.283	12070880
236.383	12075076
236.483	12079620
236.583	12084108
236.684	12088364
236.784	12092676
236.884	12097080
236.984	12101372
237.084	12105704
237.184	12110260
237.284	12114404
237.384	12118752
237.484	12123548
237.584	12127956
237.684	12132352
237.784	12136836
237.884	12141228
237.984	12145496
238.084	12149628
238.184	12154128
238.284	12158568
238.384	12162804
238.484	12166964
238.584	12171476
238.684	12175988
238.784	12180164
238.884	12184488
238.984	12188712
239.084	12193108
239.184	12197572
239.284	12201644
239.384	12205904
239.484	12210268
239.584	12214720
239.684	12218980
239.784	12223224
239.884	12227680
239.984	12231876
240.084	12236380
240.184	12240620
240.284	12244860
240.384	12249220
240.484	12253536
240.584	12257724
240.684	12261896
240.784	12266220
240.884	12270660
240.984	12274832
241.084	12279068
241.184	12283164
241.284	12287632
241.384	12291880
241.484	12295984
241.584	12300148
241.684	12304468
241.784	12308612
241.884	12312940
241.984	12317388
242.084	12321700
242.184	12325944
242.284	12330256
242.384	12334560
242.484	12338792
242.584	12342920
242.684	12347024
242.784	12351180
242.884	12355580
242.984	12359616
243.084	12363796
243.184	12368064
243.284	12372324
243.384	12376748
243.484	12381000
243.584	12385116
243.685	12389240
243.785	12393464
243.885	12397440
243.985	12401800
244.085	12406036
244.185	12410292
244.285	12414456
244.385	12418720
244.485	12422868
244.585	12427080
244.685	12431324
244.785	12435524
244.885	12439724
244.985	12443944
245.085	12448088
245.185	12452140
245.285	12456412
245.385	12460456
245.485	12464516
245.585	12468472
245.685	12472428
245.785	12476684
245.885	12480680
245.985	12484848
246.085	12488784
246.185	12492928
246.285	12497000
246.385	12500944
246.485	12505136
246.585	12509276
246.685	12513336
246.785	12517240
246.885	12521272
246.985	12525260
247.085	12529356
247.185	12533360
247.285	12537312
247.385	12541472
247.485	12545412
247.585	12549436
247.685	12553516
247.785	12557392
247.885	12561244
247.985	12565344
248.085	12569156
248.185	12573000
248.285	12577028
248.385	12580944
248.485	12585076
248.585	12588920
248.685	12592644
248.785	12596528
248.885	12600592
248.985	12604376
249.085	12608448
249.185	12612280
249.285	12616332
249.385	12619940
249.485	12623764
249.585	12627856
249.685	12631840
249.785	12635796
249.885	12639540
249.985	12643484
250.085	12647376
250.185	12651268
250.285	12655096
250.385	12659008
250.485	12662904
250.585	12666716
250.686	12670464
250.786	12674280
250.886	12678348
250.986	12682352
251.086	12686204
251.186	12689896
251.286	12693620
251.386	12697464
251.486	12701232
251.586	12705116
251.686	12708912
251.786	12712756
251.886	12716536
251.986	12720300
252.086	12724104
252.186	12727864
252.286	12731784
252.386	12735708
252.486	12739676
252.586	12743388
252.686	12747244
252.786	12751016
252.886	12755160
252.986	12759208
253.086	12763164
253.186	12766928
253.286	12770716
253.386	12774524
253.486	12778264
253.586	12782176
253.686	12785960
253.786	12789992
253.886	12793708
253.986	12797512
254.086	12801316
254.186	12805180
254.286	12809080
254.386	12812896
254.486	12816756
254.586	12820616
254.686	12824456
254.786	12828248
254.886	12832088
254.986	12835776
255.086	12839604
255.186	12843484
255.286	12847424
255.386	12851276
255.486	12854956
255.586	12858948
255.686	12862780
255.786	12866644
255.886	12870484
255.986	12874276
256.086	12878144
256.186	12881848
256.286	12885596
256.386	12889568
256.486	12893340
256.586	12897216
256.686	12900900
256.786	12904732
256.886	12908500
256.986	12912316
257.086	12916032
257.186	12920088
257.286	12923960
257.386	12927608
257.486	12931212
257.586	12935020
257.687	12938812
257.787	12942608
257.887	12946300
257.987	12950156
258.087	12953824
258.187	12957412
258.287	12961108
258.387	12964840
258.487	12968788
258.587	12972492
258.687	12976216
258.787	12979992
258.887	12983504
258.987	12987420
259.087	12991004
259.187	12994664
259.287	12998416
259.387	13002040
259.487	13005660
259.587	13009520
259.687	13013260
259.787	13017088
259.887	13020840
259.987	13024612
260.087	13028440
260.187	13032112
260.287	13035940
260.387	13039560
260.487	13043256
260.587	13046728
260.687	13050352
260.787	13054044
260.887	13057628
260.987	13061480
261.087	13065068
261.187	13068756
261.287	13072672
261.387	13076532
261.487	13080216
261.587	13083832
261.687	13087700
261.787	13091272
261.887	13095004
261.987	13098480
262.087	13102216
262.187	13105812
262.287	13109232
262.387	13112924
262.487	13116556
262.587	13120220
262.687	13123928
262.787	13127752
262.887	13131316
262.987	13134864
263.087	13138432
263.187	13142084
263.287	13145532
263.387	13149156
263.487	13152752
263.587	13156296
263.687	13160168
263.787	13163828
263.887	13167496
263.987	13171036
264.087	13174612
264.187	13178240
264.287	13181924
264.387	13185532
264.487	13189124
264.587	13192692
264.688	13196188
264.788	13200020
264.888	13203696
264.988	13207476
265.088	13211168
265.188	13214744
265.288	13218424
265.388	13221976
265.488	13225608
265.588	13229232
265.688	13232824
265.788	13236468
265.888	13240276
265.988	13243820
266.088	13247308
266.188	13250912
266.288	13254428
266.388	13257980
266.488	13261436
266.588	13265064
266.688	13268564
266.788	13272044
266.888	13275680
266.988	13279160
267.088	13282524
267.188	13286072
267.288	13289776
267.388	13293316
267.488	13296668
267.588	13300236
267.688	13303852
267.788	13307348
267.888	13311024
267.988	13314604
268.088	13317980
268.188	13321572
268.288	13325204
268.388	13328648
268.488	13332192
268.588	13335848
268.688	13339440
268.788	13342928
268.888	13346580
268.988	13350156
269.088	13353852
269.188	13357760
269.288	13361432
269.388	13365012
269.488	13368656
269.588	13372320
269.688	13375984
269.788	13379848
269.888	13383532
269.988	13387368
270.088	13390984
270.188	13394712
270.288	13398292
270.388	13401916
270.488	13405460
270.588	13409188
270.688	13412992
270.788	13416612
270.888	13420132
270.988	13423600
271.088	13427200
271.188	13430732
271.288	13434260
271.388	13437600
271.488	13441032
271.588	13444508
271.688	13447976
271.789	13451476
271.889	13454908
271.989	13458080
272.089	13461608
272.189	13464828
272.289	13468252
272.389	13471500
272.489	13474888
272.589	13478256
272.689	13481620
272.789	13485068
272.889	13488408
272.989	13491808
273.089	13495284
273.189	13498832
273.289	13502056
273.389	13505444
273.489	13508944
273.589	13512456
273.689	13515736
273.789	13519224
273.889	13522468
273.989	13525876
274.089	13529200
274.189	13532808
274.289	13536252
274.389	13539572
274.489	13543136
274.589	13546472
274.689	13550052
274.789	13553516
274.889	13556904
274.989	13560244
275.089	13563568
275.189	13567008
275.289	13570536
275.389	13573756
275.489	13577220
275.589	13580684
275.689	13583928
275.789	13587284
275.889	13590728
275.989	13594412
276.089	13597712
276.189	13601344
276.289	13604908
276.389	13608416
276.489	13611908
276.589	13615424
276.689	13618908
276.789	13622660
276.889	13626252
276.989	13630032
277.089	13633884
277.189	13637292
277.289	13641048
277.389	13644744
277.489	13648296
277.589	13651884
277.689	13655304
277.789	13658884
277.889	13662368
277.989	13666040
278.089	13669568
278.189	13673096
278.289	13676652
278.389	13680260
278.489	13683676
278.589	13687016
278.689	13690608
278.790	13694232
278.890	13697724
278.990	13701408
279.090	13704800
279.190	13708496
279.290	13712196
279.390	13715796
279.490	13719376
279.590	13723080
279.690	13726628
279.790	13730356
279.890	13734000
279.990	13737840
280.090	13741892
280.190	13745988
280.290	13749680
280.390	13753368
280.490	13757192
280.590	13760840
280.690	13764708
280.790	13768328
280.890	13771984
280.990	13775700
281.090	13779460
281.190	13783100
281.290	13786744
281.390	13790392
281.490	13794024
281.590	13797688
281.690	13801560
281.790	13805332
281.890	13808872
281.990	13812536
282.090	13816052
282.190	13819716
282.290	13823340
282.390	13827020
282.490	13830688
282.590	13834244
282.690	13838044
282.790	13841688
282.890	13845388
282.990	13848924
283.090	13852328
283.190	13855992
283.290	13859640
283.390	13863176
283.490	13866824
283.590	13870348
283.690	13874032
283.790	13877648
283.890	13881172
283.990	13884592
284.090	13888328
284.190	13892056
284.290	13895584
284.390	13899104
284.490	13902800
284.590	13906316
284.690	13909932
284.790	13913604
284.890	13917212
284.990	13920876
285.090	13924696
285.190	13928288
285.290	13931908
285.390	13935420
285.490	13939072
285.590	13942844
285.690	13946536
285.791	13950208
285.891	13953900
285.991	13957540
286.091	13961416
286.191	13965324
286.291	13968936
286.391	13972812
286.491	13976448
286.591	13980216
286.691	13984088
286.791	13987784
286.891	13991396
286.991	13995180
287.091	13999012
287.191	14002392
287.291	14006108
287.391	14009820
287.491	14013348
287.591	14016988
287.691	14020512
287.791	14023952
287.891	14027576
287.991	14031284
288.091	14034872
288.191	14038432
288.291	14042068
288.391	14045884
288.491	14049396
288.591	14053100
288.691	14056828
288.791	14060356
288.891	14063960
288.991	14067764
289.091	14071524
289.191	14075276
289.291	14078956
289.391	14082560
289.491	14086112
289.591	14089564
289.691	14093188
289.791	14096904
289.891	14100252
289.991	14103912
290.091	14107460
290.191	14111216
290.291	14114868
290.391	14118444
290.491	14122124
290.591	14125732
290.691	14129588
290.791	14133224
290.891	14137028
290.991	14140584
291.091	14144404
291.191	14147992
291.291	14151736
291.391	14155328
291.491	14159124
291.591	14162732
291.691	14166428
291.791	14170080
291.891	14173892
291.991	14177700
292.091	14181248
292.191	14184984
292.291	14188560
292.391	14192092
292.491	14195680
292.591	14199352
292.691	14202800
292.792	14206228
292.892	14209724
292.992	14213420
293.092	14216844
293.192	14220480
293.292	14224084
293.392	14227520
293.492	14231124
293.592	14234828
293.692	14238440
293.792	14242080
293.892	14245692
293.992	14249184
294.092	14252696
294.192	14256248
294.292	14259800
294.392	14263336
294.492	14266976
294.592	14270648
294.692	14274036
294.792	14277728
294.892	14281288
294.992	14284804
295.092	14288368
295.192	14291972
295.292	14295392
295.392	14298920
295.492	14302640
295.592	14306252
295.692	14309700
295.792	14313296
295.892	14316656
295.992	14320256
296.092	14323812
296.192	14327360
296.292	14330896
296.392	14334468
296.492	14338252
296.592	14341788
296.692	14345272
296.792	14348868
296.892	14352400
296.992	14356124
297.092	14359680
297.192	14363368
297.292	14366972
297.392	14370524
297.492	14374040
297.592	14377580
297.692	14380992
297.792	14384636
297.892	14388240
297.992	14391704
298.092	14395236
298.192	14398732
298.292	14402232
298.392	14405916
298.492	14409400
298.592	14412952
298.692	14416508
298.792	14420132
298.892	14423664
298.992	14427096
299.092	14430536
299.192	14434096
299.292	14437464
299.392	14441060
299.492	14444596
299.592	14448040
299.692	14451652
299.793	14455140
299.893	14458624
299.993	14462384
300.093	14465892
300.193	14469380
300.293	14472848
300.393	14476456
300.493	14479892
300.593	14483384
300.693	14486992
300.793	14490824
300.893	14494476
300.993	14498008
301.093	14501888
301.193	14505332
301.293	14509032
301.393	14512600
301.493	14516424
301.593	14520064
301.693	14523640
301.793	14527404
301.893	14531088
301.993	14534716
302.093	14538440
302.193	14542116
302.293	14545716
302.393	14549548
302.493	14553400
302.593	14557016
302.693	14560576
302.793	14564296
302.893	14567992
302.993	14571704
303.093	14575396
303.193	14579012
303.293	14582788
303.393	14586456
303.493	14590248
303.593	14593888
303.693	14597572
303.793	14601208
303.893	14604828
303.993	14608584
304.093	14612212
304.193	14615892
304.293	14619552
304.393	14623164
304.493	14626836
304.593	14630548
304.693	14634192
304.793	14637956
304.893	14641592
304.993	14645376
305.093	14648908
305.193	14652684
305.293	14656280
305.393	14660028
305.493	14663748
305.593	14667536
305.693	14671052
305.793	14674776
305.893	14678424
305.993	14682140
306.093	14685928
306.193	14689788
306.293	14693392
306.393	14697176
306.493	14700768
306.593	14704504
306.693	14708184
306.794	14712028
306.894	14715732
306.994	14719324
307.094	14723016
307.194	14726688
307.294	14730468
307.394	14734220
307.494	14737836
307.594	14741604
307.694	14745300
307.794	14749028
307.894	14752820
307.994	14756580
308.094	14760424
308.194	14764144
308.294	14767852
308.394	14771524
308.494	14775400
308.594	14779188
308.694	14782940
308.794	14786892
308.894	14790580
308.994	14794584
309.094	14798464
309.194	14802520
309.294	14806228
309.394	14810008
309.494	14813776
309.594	14817744
309.694	14821784
309.794	14825764
309.894	14829764
309.994	14833536
310.094	14837384
310.194	14841288
310.294	14845336
310.394	14849232
310.494	14853144
310.594	14856904
310.694	14860932
310.794	14864640
310.894	14868680
310.994	14872784
311.094	14876796
311.194	14880796
311.294	14884808
311.394	14888928
311.494	14892968
311.594	14897028
311.694	14901196
311.794	14905208
311.894	14909356
311.994	14913420
312.094	14917444
312.194	14921648
312.294	14925772
312.394	14929884
312.494	14934012
312.594	14938224
312.694	14942356
312.794	14946648
312.894	14950704
312.994	14954660
313.094	14958844
313.194	14963124
313.294	14967328
313.394	14971536
313.494	14975860
313.594	14979928
313.694	14983968
313.795	14988172
313.895	14992292
313.995	14996576
314.095	15000676
314.195	15005088
314.295	15009152
314.395	15013372
314.495	15017616
314.595	15021912
314.695	15026256
314.795	15030500
314.895	15034692
314.995	15038860
315.095	15043336
315.195	15047984
315.295	15052612
315.395	15056976
315.495	15061304
315.595	15065552
315.695	15070104
315.795	15074616
315.895	15079028
315.995	15083300
316.095	15087476
316.195	15091824
316.295	15096332
316.395	15100992
316.495	15105192
316.595	15109428
316.695	15113580
316.795	15118004
316.895	15122300
316.995	15126588
317.095	15130848
317.195	15134908
317.295	15139248
317.395	15143248
317.495	15147332
317.595	15151528
317.695	15155612
317.795	15159448
317.895	15163548
317.995	15167920
318.095	15172100
318.195	15176036
318.295	15180276
318.395	15184624
318.495	15188696
318.595	15192868
318.695	15197020
318.795	15201008
318.895	15205176
318.995	15209216
319.095	15213324
319.195	15217528
319.295	15221868
319.395	15226028
319.495	15230400
319.595	15234500
319.695	15238720
319.795	15243020
319.895	15247336
319.995	15251536
320.095	15255712
320.195	15259864
320.295	15263972
320.395	15268156
320.495	15272560
320.595	15276704
320.695	15280880
320.796	15285216
320.896	15289384
320.996	15293572
321.096	15297812
321.196	15302120
321.296	15306384
321.396	15310556
321.496	15314976
321.596	15319264
321.696	15323632
321.796	15327896
321.896	15332236
321.996	15336892
322.096	15341352
322.196	15345812
322.296	15350368
322.396	15354588
322.496	15358976
322.596	15363316
322.696	15367680
322.796	15371936
322.896	15376288
322.996	15380544
323.096	15384760
323.196	15388912
323.296	15392912
323.396	15396988
323.496	15401300
323.596	15405612
323.696	15409456
323.796	15413624
323.896	15417720
323.996	15421740
324.096	15425552
324.196	15429632
324.296	15433408
324.396	15437332
324.496	15441528
324.596	15445580
324.696	15449800
324.796	15453832
324.896	15457660
324.996	15461848
325.096	15465920
325.196	15470016
325.296	15474188
325.396	15478024
325.496	15482004
325.596	15485864
325.696	15489756
325.796	15493732
325.896	15497824
325.996	15501844
326.096	15505744
326.196	15509840
326.296	15513712
326.396	15517276
326.496	15521136
326.596	15525420
326.696	15529212
326.796	15533408
326.896	15537248
326.996	15541272
327.096	15545248
327.196	15549280
327.296	15553152
327.396	15557036
327.496	15560880
327.596	15564892
327.696	15568684
327.796	15572632
327.897	15576388
327.997	15580112
328.097	15584104
328.197	15587968
328.297	15591772
328.397	15595688
328.497	15599368
328.597	15603408
328.697	15606944
328.797	15610736
328.897	15614592
328.997	15618380
329.097	15622104
329.197	15625884
329.297	15629492
329.397	15633432
329.497	15637432
329.597	15641228
329.697	15645116
329.797	15648888
329.897	15652548
329.997	15656504
330.097	15660292
330.197	15664124
330.297	15667980
330.397	15671852
330.497	15675504
330.597	15679536
330.697	15683544
330.797	15687316
330.897	15691312
330.997	15695160
331.097	15699100
331.197	15703036
331.297	15707112
331.397	15711004
331.497	15714864
331.597	15718796
331.697	15722808
331.797	15726736
331.897	15730556
331.997	15734504
332.097	15738716
332.197	15742792
332.297	15746824
332.397	15750968
332.497	15755200
332.597	15759224
332.697	15763180
332.797	15767132
332.897	15771112
332.997	15775084
333.097	15778852
333.197	15782776
333.297	15786580
333.397	15790372
333.497	15794260
333.597	15798196
333.697	15801972
333.797	15806000
333.897	15809832
333.997	15813664
334.097	15817364
334.197	15821160
334.297	15824952
334.397	15828568
334.497	15832288
334.597	15835968
334.697	15839636
334.797	15843276
334.898	15847176
334.998	15850968
335.098	15854680
335.198	15858292
335.298	15861916
335.398	15865608
335.498	15869236
335.598	15873104
335.698	15876856
335.798	15880544
335.898	15884056
335.998	15887772
336.098	15891560
336.198	15895328
336.298	15898900
336.398	15902448
336.498	15906096
336.598	15909748
336.698	15913520
336.798	15917220
336.898	15921076
336.998	15924864
337.098	15928584
337.198	15932428
337.298	15936244
337.398	15940496
337.498	15944504
337.598	15948292
337.698	15952156
337.798	15956024
337.898	15959848
337.998	15963804
338.098	15967484
338.198	15971348
338.298	15975000
338.398	15978828
338.498	15982660
338.598	15986500
338.698	15990088
338.798	15994036
338.898	15997824
338.998	16001496
339.098	16005296
339.198	16009048
339.298	16012872
339.398	16016632
339.498	16020312
339.598	16024096
339.698	16027760
339.798	16031324
339.898	16035220
339.998	16038868
340.098	16042604
340.198	16046508
340.298	16050108
340.398	16054048
340.498	16057688
340.598	16061464
340.698	16065076
340.798	16068964
340.898	16072636
340.998	16076492
341.098	16080272
341.198	16083984
341.298	16087752
341.398	16091416
341.498	16095076
341.598	16098952
341.698	16102812
341.798	16106340
341.899	16110312
341.999	16113980
342.099	16117684
342.199	16121488
342.299	16125272
342.399	16128936
342.499	16132652
342.599	16136388
342.699	16140052
342.799	16143700
342.899	16147404
342.999	16150980
343.099	16154988
343.199	16158620
343.299	16162572
343.399	16166372
343.499	16170228
343.599	16174184
343.699	16178240
343.799	16182040
343.899	16186148
343.999	16190216
344.099	16194252
344.199	16198452
344.299	16202408
344.399	16206596
344.499	16210476
344.599	16214352
344.699	16218272
344.799	16222184
344.899	16226060
344.999	16229848
345.099	16233596
345.199	16237828
345.299	16241620
345.399	16245488
345.499	16249484
345.599	16253332
345.699	16257352
345.799	16261132
345.899	16264816
345.999	16268676
346.099	16272432
346.199	16276156
346.299	16280060
346.399	16283560
346.499	16287296
346.599	16291072
346.699	16294580
346.799	16298248
346.899	16301980
346.999	16305628
347.099	16309276
347.199	16312952
347.299	16316820
347.399	16320256
347.499	16324088
347.599	16327628
347.699	16331344
347.799	16335020
347.899	16338896
347.999	16342524
348.099	16346352
348.199	16349892
348.299	16353376
348.399	16356960
348.499	16360664
348.599	16364404
348.699	16368056
348.799	16371640
348.900	16375356
349.000	16379216
349.100	16382812
349.200	16386616
349.300	16390244
349.400	16393908
349.500	16397632
349.600	16401308
349.700	16404804
349.800	16408412
349.900	16412204
350.000	16415692
