%  hypsometry data
%  version 20220701
%  created by Bryce Glenn, Julian Cross, and Maciek Obryk
%  orthometric heights
%  based on local datum (WGS84 +53.4 m)
%  Depth h (m)    Area A (m^2)
-4.6	0
-4.5	4
-4.4	32
-4.3	344
-4.2	2092
-4.1	6696
-4	14952
-3.9	26160
-3.8	40000
-3.7	56796
-3.6	74572
-3.5	91288
-3.4	106200
-3.3	121956
-3.2	137224
-3.1	152484
-3	167796
-2.9	182280
-2.8	196340
-2.7	210608
-2.6	224668
-2.5	237024
-2.4	247616
-2.3	257244
-2.2	266776
-2.1	276108
-2	285172
-1.9	294740
-1.8	304856
-1.7	316936
-1.6	329380
-1.5	343288
-1.4	355996
-1.3	368636
-1.2	381016
-1.1	393452
-1	406948
-0.9	421700
-0.8	439312
-0.7	460740
-0.6	486468
-0.5	511852
-0.4	533188
-0.3	552352
-0.2	569444
-0.1	585820
0	600632
0.1	615108
0.2	628876
0.3	642172
0.4	654268
0.5	666100
0.6	676872
0.7	687188
0.8	696984
0.9	706600
1	716420
1.1	725980
1.2	735220
1.3	744924
1.4	755100
1.5	765668
1.6	776244
1.7	786736
1.8	797088
1.9	807728
2	818608
2.1	829980
2.2	842768
2.3	858604
2.4	880644
2.5	907652
2.6	935868
2.7	963540
2.8	990896
2.9	1017340
3	1043604
3.1	1070820
3.2	1098672
3.3	1126704
3.4	1154624
3.5	1181708
3.6	1206820
3.7	1228616
3.8	1249196
3.9	1269036
4	1288348
4.1	1307716
4.2	1328932
4.3	1350900
4.4	1373572
4.5	1397392
4.6	1421912
4.7	1447320
4.8	1473012
4.9	1499040
5	1525204
5.1	1552448
5.2	1583452
5.3	1622564
5.4	1668844
5.5	1718016
5.6	1763420
5.7	1803384
5.8	1841428
5.9	1876404
6	1909732
6.1	1941352
6.2	1969856
6.3	1998568
6.4	2026952
6.5	2055696
6.6	2082476
6.7	2107160
6.8	2130900
6.9	2153784
7	2177136
7.1	2201288
7.2	2226240
7.3	2252404
7.4	2280088
7.5	2307952
7.6	2335516
7.7	2361668
7.8	2386576
7.9	2411244
8	2436532
8.1	2462164
8.2	2488640
8.3	2514900
8.4	2542900
8.5	2571164
8.6	2597464
8.7	2622864
8.8	2647528
8.9	2671700
9	2695288
9.1	2718712
9.2	2743396
9.3	2768100
9.4	2793284
9.5	2817500
9.6	2840308
9.7	2863416
9.8	2885568
9.9	2907860
10	2930868
10.1	2954428
10.2	2979388
10.3	3007056
10.4	3036816
10.5	3069708
10.6	3105932
10.7	3143336
10.8	3182188
10.9	3224488
11	3272316
11.1	3332500
11.2	3408692
11.3	3501036
11.4	3608644
11.5	3730120
11.6	3864284
11.7	4005372
11.8	4147720
11.9	4284988
12	4414600
12.1	4541852
12.2	4670420
12.3	4796380
12.4	4911876
12.5	5007108
12.6	5081516
12.7	5144232
12.8	5200432
12.9	5252004
13	5300544
13.1	5344784
13.2	5383472
13.3	5418576
13.4	5451280
13.5	5483352
13.6	5513692
13.7	5543712
13.8	5573920
13.9	5603944
14	5634408
14.1	5666004
14.2	5697408
14.3	5729528
14.4	5761416
14.5	5794208
14.6	5826944
14.7	5860024
14.8	5893384
14.9	5927664
15	5962580
15.1	6000644
15.2	6042540
15.3	6090476
15.4	6147160
15.5	6213184
15.6	6287988
15.7	6365780
15.8	6446800
15.9	6529668
16	6608428
16.1	6673296
16.2	6728644
16.3	6778068
16.4	6823720
16.5	6865296
16.6	6904760
16.7	6942376
16.8	6977072
16.9	7001644
17	7013404
17.1	7021044
17.2	7028660
17.3	7063308
17.4	7159984
17.5	7234132
17.6	7280168
17.7	7322356
17.8	7362684
17.9	7403516
18	7445628
18.1	7487984
18.2	7531928
18.3	7576380
18.4	7622952
18.5	7669848
18.6	7715936
18.7	7759748
18.8	7801688
18.9	7844512
19	7887068
19.1	7930188
19.2	7974848
19.3	8019748
19.4	8066004
19.5	8114088
19.6	8163032
19.7	8211140
19.8	8259516
19.9	8308804
20	8360100
20.1	8414740
20.2	8467784
20.3	8518696
20.4	8566792
20.5	8612828
20.6	8657820
20.7	8700860
20.8	8743136
20.9	8784152
21	8823376
21.1	8861940
21.2	8901100
21.3	8940636
21.4	8980496
21.5	9019892
21.6	9059600
21.7	9100128
21.8	9141916
21.9	9183996
22	9226276
22.1	9269732
22.2	9314376
22.3	9359088
22.4	9402120
22.5	9445168
22.6	9489248
22.7	9533404
22.8	9576296
22.9	9619888
23	9663944
23.1	9709060
23.2	9753736
23.3	9798472
23.4	9843340
23.5	9889320
23.6	9935112
23.7	9980640
23.8	10027692
23.9	10073868
24	10120124
24.1	10166436
24.2	10214652
24.3	10263960
24.4	10311828
24.5	10359900
24.6	10408664
24.7	10458172
24.8	10507920
24.9	10559812
25	10611544
25.1	10661960
25.2	10710060
25.3	10757192
25.4	10802304
25.5	10846768
25.6	10889840
25.7	10932952
25.8	10976644
25.9	11021432
26	11067668
26.1	11113620
26.2	11159212
26.3	11204088
26.4	11248664
26.5	11294416
26.6	11340520
26.7	11388820
26.8	11436688
26.9	11486508
27	11535004
27.1	11583144
27.2	11632580
27.3	11681368
27.4	11730780
27.5	11778896
27.6	11826576
27.7	11874864
27.8	11920824
27.9	11966504
28	12011848
28.1	12057312
28.2	12100584
28.3	12144328
28.4	12201348
28.5	12255668
28.6	12317892
28.7	12371244
28.8	12418376
28.9	12462460
29	12505852
29.1	12549424
29.2	12593008
29.3	12638828
29.4	12685016
29.5	12732420
29.6	12779696
29.7	12825720
29.8	12871476
29.9	12917600
30	12963976
30.1	13010972
30.2	13060076
30.3	13108748
30.4	13156356
30.5	13202580
30.6	13250520
30.7	13297724
30.8	13344492
30.9	13397804
31	13446376
31.1	13494332
31.2	13542668
31.3	13590700
31.4	13639440
31.5	13694416
31.6	13748380
31.7	13801604
31.8	13852856
31.9	13902264
32	13951516
32.1	14000412
32.2	14049224
32.3	14099504
32.4	14150588
32.5	14202296
32.6	14253076
32.7	14303620
32.8	14355436
32.9	14408340
33	14462832
33.1	14520300
33.2	14578324
33.3	14637068
33.4	14695692
33.5	14762856
33.6	14824876
33.7	14885268
33.8	14945484
33.9	15003868
34	15062444
34.1	15121288
34.2	15179332
34.3	15237100
34.4	15294648
34.5	15354576
34.6	15410344
34.7	15466192
34.8	15522316
34.9	15578260
35	15634024
35.1	15689708
35.2	15746064
35.3	15801628
35.4	15856876
35.5	15912428
35.6	15967232
35.7	16021604
35.8	16076736
35.9	16130924
36	16186856
36.1	16242568
36.2	16294956
36.3	16345952
36.4	16396540
36.5	16445612
36.6	16494232
36.7	16543468
36.8	16594780
36.9	16646316
37	16697524
37.1	16748256
37.2	16799172
37.3	16848932
37.4	16897216
37.5	16945408
37.6	16992656
37.7	17039484
37.8	17086396
37.9	17132276
38	17177948
38.1	17224412
38.2	17269236
38.3	17314480
38.4	17358792
38.5	17402420
38.6	17447032
38.7	17490992
38.8	17535508
38.9	17581836
39	17629260
39.1	17677316
39.2	17726412
39.3	17774012
39.4	17821704
39.5	17868856
39.6	17916824
39.7	17962536
39.8	18006248
39.9	18049160
40	18090932
40.1	18131440
40.2	18170968
40.3	18210976
40.4	18252148
40.5	18293900
40.6	18336744
40.7	18378476
40.8	18419612
40.9	18461112
41	18500700
41.1	18540748
41.2	18580356
41.3	18619504
41.4	18656528
41.5	18693976
41.6	18731008
41.7	18767648
41.8	18805196
41.9	18842292
42	18879040
42.1	18913924
42.2	18948032
42.3	18982460
42.4	19014500
42.5	19046400
42.6	19077792
42.7	19110396
42.8	19143028
42.9	19175232
43	19207860
43.1	19240784
43.2	19274040
43.3	19307668
43.4	19340392
43.5	19373224
43.6	19405884
43.7	19438600
43.8	19472132
43.9	19505484
44	19538312
44.1	19571804
44.2	19605136
44.3	19638280
44.4	19672492
44.5	19706536
44.6	19740616
44.7	19773808
44.8	19806884
44.9	19840392
45	19873856
45.1	19907092
45.2	19940324
45.3	19973288
45.4	20005172
45.5	20036864
45.6	20069516
45.7	20101496
45.8	20132912
45.9	20164612
46	20196560
46.1	20228440
46.2	20260428
46.3	20292508
46.4	20324964
46.5	20358000
46.6	20390636
46.7	20422824
46.8	20455444
46.9	20487068
47	20519276
47.1	20551004
47.2	20582956
47.3	20614968
47.4	20646976
47.5	20679128
47.6	20711608
47.7	20744100
47.8	20775960
47.9	20808368
48	20840536
48.1	20873108
48.2	20904880
48.3	20936832
48.4	20968828
48.5	21001448
48.6	21034392
48.7	21067124
48.8	21100888
48.9	21135236
49	21171052
49.1	21207300
49.2	21244788
49.3	21283548
49.4	21323468
49.5	21363660
49.6	21404600
49.7	21445788
49.8	21486908
49.9	21528284
50	21568872
50.1	21608604
50.2	21646764
50.3	21685424
50.4	21723268
50.5	21760844
50.6	21799168
50.7	21837096
50.8	21875696
50.9	21914732
51	21954420
51.1	21992864
51.2	22029852
51.3	22067592
51.4	22105540
51.5	22142980
51.6	22180272
51.7	22216640
51.8	22252548
51.9	22288612
52	22323360
52.1	22359208
52.2	22395176
52.3	22430220
52.4	22465180
52.5	22499568
52.6	22532832
52.7	22565592
52.8	22598796
52.9	22631492
53	22664484
53.1	22697500
53.2	22730988
53.3	22765488
53.4	22799820
53.5	22834860
53.6	22870200
53.7	22905520
53.8	22940428
53.9	22974492
54	23008424
54.1	23042164
54.2	23076540
54.3	23110784
54.4	23145252
54.5	23180032
54.6	23215272
54.7	23249776
54.8	23285272
54.9	23321472
55	23358588
55.1	23395820
55.2	23434500
55.3	23474420
55.4	23514888
55.5	23554036
55.6	23593340
55.7	23631544
55.8	23670640
55.9	23709124
56	23748616
56.1	23788772
56.2	23829212
56.3	23868404
56.4	23908448
56.5	23947808
56.6	23987396
56.7	24027072
56.8	24066012
56.9	24103896
57	24140984
57.1	24177716
57.2	24215552
57.3	24254280
57.4	24294288
57.5	24334584
57.6	24375312
57.7	24415340
57.8	24455008
57.9	24492040
58	24529444
58.1	24566500
58.2	24603920
58.3	24641504
58.4	24678828
58.5	24715848
58.6	24752960
58.7	24790048
58.8	24826484
58.9	24862580
59	24897960
59.1	24934172
59.2	24970164
59.3	25006796
59.4	25043568
59.5	25083332
59.6	25123628
59.7	25162088
59.8	25199624
59.9	25237108
60	25275060
60.1	25313616
60.2	25351772
60.3	25389704
60.4	25427672
60.5	25465528
60.6	25502936
60.7	25541288
60.8	25580156
60.9	25619248
61	25657976
61.1	25696748
61.2	25735140
61.3	25773524
61.4	25812052
61.5	25849108
61.6	25886640
61.7	25923236
61.8	25959996
61.9	25996592
62	26032352
62.1	26068000
62.2	26104608
62.3	26140504
62.4	26176760
62.5	26213340
62.6	26248952
62.7	26284056
62.8	26319112
62.9	26353372
63	26387724
63.1	26423560
63.2	26458200
63.3	26493472
63.4	26528408
63.5	26564196
63.6	26599280
63.7	26634096
63.8	26669000
63.9	26703376
64	26737936
64.1	26771988
64.2	26805356
64.3	26837976
64.4	26870676
64.5	26902752
64.6	26934384
64.7	26966388
64.8	26998212
64.9	27030048
65	27062300
65.1	27094484
65.2	27127284
65.3	27159616
65.4	27192256
65.5	27226284
65.6	27260584
65.7	27294024
65.8	27327636
65.9	27360308
66	27392196
66.1	27424248
66.2	27457168
66.3	27490216
66.4	27524640
66.5	27559604
66.6	27594580
66.7	27630112
66.8	27666104
66.9	27703288
67	27740636
67.1	27778604
67.2	27818028
67.3	27857200
67.4	27896712
67.5	27936112
67.6	27975540
67.7	28014428
67.8	28052816
67.9	28091624
68	28130324
68.1	28169128
68.2	28209376
68.3	28249848
68.4	28290536
68.5	28331004
68.6	28372076
68.7	28413348
68.8	28454056
68.9	28495844
69	28536788
69.1	28576576
69.2	28615672
69.3	28653972
69.4	28691072
69.5	28727736
69.6	28766748
69.7	28805012
69.8	28839964
69.9	28874540
70	28908976
70.1	28943124
70.2	28979996
70.3	29016684
70.4	29053456
70.5	29089132
70.6	29124584
70.7	29158360
70.8	29192188
70.9	29225736
71	29259532
71.1	29292816
71.2	29325696
71.3	29357824
71.4	29389696
71.5	29421636
71.6	29454256
71.7	29486512
71.8	29518980
71.9	29551240
72	29582628
72.1	29613604
72.2	29645420
72.3	29677332
72.4	29710232
72.5	29743936
72.6	29780208
72.7	29819076
72.8	29861636
72.9	29906596
73	29953412
73.1	29998692
73.2	30040480
73.3	30082956
73.4	30128640
73.5	30182520
73.6	30242728
73.7	30304008
73.8	30362916
73.9	30414356
74	30457936
74.1	30498324
74.2	30537196
74.3	30576516
74.4	30619736
74.5	30665292
74.6	30708548
74.7	30748900
74.8	30788240
74.9	30826464
75	30864956
75.1	30903488
75.2	30942176
75.3	30980588
75.4	31019604
75.5	31058336
75.6	31095152
75.7	31132772
75.8	31170052
75.9	31207260
76	31244940
76.1	31282204
76.2	31319184
76.3	31356044
76.4	31392460
76.5	31428608
76.6	31464512
76.7	31501104
76.8	31536452
76.9	31571752
77	31606732
77.1	31641576
77.2	31677492
77.3	31713356
77.4	31750760
77.5	31788532
77.6	31826108
77.7	31863692
77.8	31900524
77.9	31936948
78	31973344
78.1	32010044
78.2	32046116
78.3	32082440
78.4	32118612
78.5	32154996
78.6	32192208
78.7	32228916
78.8	32265924
78.9	32302904
79	32339632
79.1	32377092
79.2	32415308
79.3	32452836
79.4	32489920
79.5	32527192
79.6	32564432
79.7	32602764
79.8	32641472
79.9	32679820
80	32718752
80.1	32758212
80.2	32797124
80.3	32836920
80.4	32875352
80.5	32915592
80.6	32955644
80.7	32995780
80.8	33036720
80.9	33077996
81	33120800
81.1	33164684
81.2	33209424
81.3	33254196
81.4	33300548
81.5	33348164
81.6	33396696
81.7	33445284
81.8	33494204
81.9	33543460
82	33592892
82.1	33643572
82.2	33694900
82.3	33748532
82.4	33803672
82.5	33858996
82.6	33913952
82.7	33969572
82.8	34025512
82.9	34080372
83	34136636
83.1	34190592
83.2	34245500
83.3	34299692
83.4	34353116
83.5	34406656
83.6	34459744
83.7	34512660
83.8	34565480
83.9	34617708
84	34670128
84.1	34722148
84.2	34773596
84.3	34825004
84.4	34877024
84.5	34928820
84.6	34979856
84.7	35031548
84.8	35082032
84.9	35132232
85	35181920
85.1	35232588
85.2	35285024
85.3	35337808
85.4	35391988
85.5	35445464
85.6	35497576
85.7	35549176
85.8	35601236
85.9	35654156
86	35707040
86.1	35760100
86.2	35812188
86.3	35865936
86.4	35920544
86.5	35975088
86.6	36030888
86.7	36086104
86.8	36140752
86.9	36195192
87	36248508
87.1	36302992
87.2	36357200
87.3	36410788
87.4	36464188
87.5	36518868
87.6	36573592
87.7	36629328
87.8	36684824
87.9	36740052
88	36794992
88.1	36850260
88.2	36905304
88.3	36960532
88.4	37016668
88.5	37073660
88.6	37131008
88.7	37187340
88.8	37244396
88.9	37300196
89	37356308
89.1	37410872
89.2	37466320
89.3	37522412
89.4	37578752
89.5	37634876
89.6	37692000
89.7	37748328
89.8	37805612
89.9	37863104
90	37919636
90.1	37977124
90.2	38035856
90.3	38097264
90.4	38159552
90.5	38223908
90.6	38289688
90.7	38355228
90.8	38419312
90.9	38481400
91	38542876
91.1	38603420
91.2	38662624
91.3	38718980
91.4	38775332
91.5	38830876
91.6	38885120
91.7	38939280
91.8	38995024
91.9	39051172
92	39107384
92.1	39162764
92.2	39217136
92.3	39271512
92.4	39325732
92.5	39380184
92.6	39433640
92.7	39487304
92.8	39541028
92.9	39594580
93	39647172
93.1	39699116
93.2	39751264
93.3	39801856
93.4	39852812
93.5	39903512
93.6	39954568
93.7	40005732
93.8	40057504
93.9	40108432
94	40161044
94.1	40214292
94.2	40267812
94.3	40322984
94.4	40378940
94.5	40435076
94.6	40492508
94.7	40550600
94.8	40607568
94.9	40663392
95	40718444
95.1	40773824
95.2	40828600
95.3	40881872
95.4	40934416
95.5	40988260
95.6	41042092
95.7	41096064
95.8	41149688
95.9	41203468
96	41259176
96.1	41314244
96.2	41367520
96.3	41421944
96.4	41476600
96.5	41531056
96.6	41587592
96.7	41647948
96.8	41708444
96.9	41766600
97	41822612
97.1	41877236
97.2	41932116
97.3	41985616
97.4	42039392
97.5	42094132
97.6	42147728
97.7	42201472
97.8	42258304
97.9	42315608
98	42374072
98.1	42432744
98.2	42492304
98.3	42577476
98.4	42670696
98.5	42751028
98.6	42823352
98.7	42895004
98.8	42969468
98.9	43048400
99	43124920
99.1	43200056
99.2	43276328
99.3	43349288
99.4	43422620
99.5	43496644
99.6	43570420
99.7	43641688
99.8	43715300
99.9	43787656
100	43858116
100.1	43927316
100.2	43995604
100.3	44061472
100.4	44125992
100.5	44191000
100.6	44255808
100.7	44321376
100.8	44387876
100.9	44452556
101	44516472
101.1	44579716
101.2	44641216
101.3	44701660
101.4	44762652
101.5	44822616
101.6	44882488
101.7	44940832
101.8	44999460
101.9	45056292
102	45114540
102.1	45172532
102.2	45229016
102.3	45286460
102.4	45342516
102.5	45401136
102.6	45460092
102.7	45518772
102.8	45576652
102.9	45634716
103	45691916
103.1	45748000
103.2	45803028
103.3	45860744
103.4	45918724
103.5	45977440
103.6	46037160
103.7	46095180
103.8	46153444
103.9	46210948
104	46269464
104.1	46329704
104.2	46389604
104.3	46450736
104.4	46509180
104.5	46568196
104.6	46627008
104.7	46685212
104.8	46741328
104.9	46796572
105	46851160
105.1	46906360
105.2	46960280
105.3	47014868
105.4	47070984
105.5	47126824
105.6	47182744
105.7	47237872
105.8	47292328
105.9	47346340
106	47400968
106.1	47456752
106.2	47512504
106.3	47568368
106.4	47624516
106.5	47681364
106.6	47738808
106.7	47797600
106.8	47856164
106.9	47913892
107	47971560
107.1	48029012
107.2	48085916
107.3	48142728
107.4	48197564
107.5	48252932
107.6	48307944
107.7	48362088
107.8	48415856
107.9	48469044
108	48521880
108.1	48576616
108.2	48630260
108.3	48682600
108.4	48735372
108.5	48788600
108.6	48844148
108.7	48898856
108.8	48950852
108.9	49002296
109	49054020
109.1	49105592
109.2	49156300
109.3	49208140
109.4	49259240
109.5	49310048
109.6	49360784
109.7	49410956
109.8	49461316
109.9	49510832
110	49559592
110.1	49607596
110.2	49656292
110.3	49703624
110.4	49750560
110.5	49797644
110.6	49845020
110.7	49890864
110.8	49937208
110.9	49983456
111	50028672
111.1	50074196
111.2	50119100
111.3	50165180
111.4	50210068
111.5	50256332
111.6	50302052
111.7	50347592
111.8	50392684
111.9	50437360
112	50483256
112.1	50530200
112.2	50576020
112.3	50622672
112.4	50669468
112.5	50715652
112.6	50762516
112.7	50808868
112.8	50855388
112.9	50901268
113	50948504
113.1	50994832
113.2	51041472
113.3	51087252
113.4	51133456
113.5	51179356
113.6	51225004
113.7	51270612
113.8	51316900
113.9	51363476
114	51409464
114.1	51454964
114.2	51500576
114.3	51547260
114.4	51594368
114.5	51640704
114.6	51685740
114.7	51732120
114.8	51779696
114.9	51826548
115	51874012
115.1	51920800
115.2	51967584
115.3	52015080
115.4	52063300
115.5	52109796
115.6	52157256
115.7	52204904
115.8	52250596
115.9	52296460
116	52342036
116.1	52387556
116.2	52433112
116.3	52478612
116.4	52524612
116.5	52571296
116.6	52617844
116.7	52664500
116.8	52710536
116.9	52756308
117	52802968
117.1	52848916
117.2	52894280
117.3	52939256
117.4	52984636
117.5	53030324
117.6	53076012
117.7	53122264
117.8	53169284
117.9	53215012
118	53260824
118.1	53306956
118.2	53352784
118.3	53396588
118.4	53439320
118.5	53481720
118.6	53524160
118.7	53566408
118.8	53608672
118.9	53650104
119	53689972
119.1	53729796
119.2	53767968
119.3	53807468
119.4	53846788
119.5	53886300
119.6	53926536
119.7	53966292
119.8	54006908
119.9	54047544
120	54087760
120.1	54129660
120.2	54170552
120.3	54211380
120.4	54253448
120.5	54296008
120.6	54338116
120.7	54381708
120.8	54427224
120.9	54471924
121	54517568
121.1	54561844
121.2	54605148
121.3	54647904
121.4	54690584
121.5	54732892
121.6	54775212
121.7	54820112
121.8	54863580
121.9	54904824
122	54946356
122.1	54987368
122.2	55027856
122.3	55067972
122.4	55107220
122.5	55146092
122.6	55185556
122.7	55224540
122.8	55263060
122.9	55301716
123	55339700
123.1	55378020
123.2	55415664
123.3	55452492
123.4	55490288
123.5	55528504
123.6	55566608
123.7	55605696
123.8	55644304
123.9	55682320
124	55721372
124.1	55759956
124.2	55798420
124.3	55836928
124.4	55876384
124.5	55916252
124.6	55956996
124.7	55997116
124.8	56037320
124.9	56077824
125	56118552
125.1	56159716
125.2	56201040
125.3	56241484
125.4	56282732
125.5	56323720
125.6	56364884
125.7	56406048
125.8	56446976
125.9	56487724
126	56528516
126.1	56568836
126.2	56609148
126.3	56649260
126.4	56689652
126.5	56729940
126.6	56769276
126.7	56809240
126.8	56850636
126.9	56891020
127	56932124
127.1	56973164
127.2	57013952
127.3	57056260
127.4	57099376
127.5	57142456
127.6	57185644
127.7	57229304
127.8	57271860
127.9	57313680
128	57355804
128.1	57396828
128.2	57438420
128.3	57479960
128.4	57520788
128.5	57561104
128.6	57601876
128.7	57642836
128.8	57683488
128.9	57723904
129	57764704
129.1	57805116
129.2	57846996
129.3	57887596
129.4	57928176
129.5	57969252
129.6	58010028
129.7	58050696
129.8	58090676
129.9	58131588
130	58172824
130.1	58214212
130.2	58253840
130.3	58293684
130.4	58334236
130.5	58376388
130.6	58418612
130.7	58457904
130.8	58497780
130.9	58537632
131	58577608
131.1	58616920
131.2	58656036
131.3	58695424
131.4	58734280
131.5	58774012
131.6	58813624
131.7	58853724
131.8	58892824
131.9	58931980
132	58972152
132.1	59012984
132.2	59054436
132.3	59098812
132.4	59143000
132.5	59186728
132.6	59229948
132.7	59272732
132.8	59316012
132.9	59358676
133	59401748
133.1	59444460
133.2	59487476
133.3	59530036
133.4	59572160
133.5	59614736
133.6	59657444
133.7	59700560
133.8	59744000
133.9	59788000
134	59833848
134.1	59879496
134.2	59926164
134.3	59972676
134.4	60018332
134.5	60063488
134.6	60107748
134.7	60152276
134.8	60196272
134.9	60240608
135	60285320
135.1	60330108
135.2	60374072
135.3	60418584
135.4	60462904
135.5	60507152
135.6	60551240
135.7	60595220
135.8	60639392
135.9	60682556
136	60726168
136.1	60768628
136.2	60812124
136.3	60854328
136.4	60895712
136.5	60937468
136.6	60979520
136.7	61022100
136.8	61065152
136.9	61107392
137	61150408
137.1	61193332
137.2	61236232
137.3	61278876
137.4	61322256
137.5	61363948
137.6	61406048
137.7	61449592
137.8	61492608
137.9	61536100
138	61578884
138.1	61620940
138.2	61662392
138.3	61703396
138.4	61743560
138.5	61783696
138.6	61824640
138.7	61865372
138.8	61905024
138.9	61944832
139	61984344
139.1	62023800
139.2	62063728
139.3	62103732
139.4	62144384
139.5	62183892
139.6	62223960
139.7	62263760
139.8	62303176
139.9	62342440
140	62381960
140.1	62421684
140.2	62461804
140.3	62501000
140.4	62540384
140.5	62579716
140.6	62619308
140.7	62659224
140.8	62700276
140.9	62740836
141	62781044
141.1	62819888
141.2	62858208
141.3	62896908
141.4	62935344
141.5	62973408
141.6	63011884
141.7	63050472
141.8	63087972
141.9	63127356
142	63166724
142.1	63206520
142.2	63246008
142.3	63285860
142.4	63325124
142.5	63364468
142.6	63404180
142.7	63443488
142.8	63483416
142.9	63522460
143	63562156
143.1	63602024
143.2	63641804
143.3	63681320
143.4	63720848
143.5	63760412
143.6	63799848
143.7	63838160
143.8	63876696
143.9	63915212
144	63953784
144.1	63992680
144.2	64032572
144.3	64071432
144.4	64110972
144.5	64150320
144.6	64189752
144.7	64229472
144.8	64268728
144.9	64307588
145	64346028
145.1	64383944
145.2	64421452
145.3	64459856
145.4	64498516
145.5	64537728
145.6	64576576
145.7	64614036
145.8	64652124
145.9	64689320
146	64726544
146.1	64763616
146.2	64800792
146.3	64838148
146.4	64875876
146.5	64913456
146.6	64950684
146.7	64987536
146.8	65025344
146.9	65062956
147	65100920
147.1	65138352
147.2	65175328
147.3	65211956
147.4	65248612
147.5	65285712
147.6	65322700
147.7	65360288
147.8	65398600
147.9	65437836
148	65477044
148.1	65516028
148.2	65555472
148.3	65594972
148.4	65635052
148.5	65673916
148.6	65713712
148.7	65753692
148.8	65793280
148.9	65833476
149	65873040
149.1	65912908
149.2	65952412
149.3	65992188
149.4	66031948
149.5	66071712
149.6	66112460
149.7	66152496
149.8	66191536
149.9	66231280
150	66270948
150.1	66311424
150.2	66351340
150.3	66391428
150.4	66432436
150.5	66473708
150.6	66515472
150.7	66558496
150.8	66602680
150.9	66645872
151	66689476
151.1	66732900
151.2	66775944
151.3	66819040
151.4	66861724
151.5	66903792
151.6	66945676
151.7	66988196
151.8	67029796
151.9	67071872
152	67114620
152.1	67158404
152.2	67201840
152.3	67246232
152.4	67290284
152.5	67335604
152.6	67380624
152.7	67426172
152.8	67469632
152.9	67513144
153	67556948
153.1	67601336
153.2	67645740
153.3	67689216
153.4	67731892
153.5	67775172
153.6	67817320
153.7	67858988
153.8	67898948
153.9	67938892
154	67978600
154.1	68017876
154.2	68057500
154.3	68096972
154.4	68136268
154.5	68176320
154.6	68216944
154.7	68258160
154.8	68300288
154.9	68341480
155	68383596
155.1	68425504
155.2	68467884
155.3	68509888
155.4	68551316
155.5	68593356
155.6	68634968
155.7	68676096
155.8	68717920
155.9	68759420
156	68801744
156.1	68843188
156.2	68886656
156.3	68929764
156.4	68972180
156.5	69014716
156.6	69056652
156.7	69098836
156.8	69140620
156.9	69183072
157	69225244
157.1	69268408
157.2	69311408
157.3	69354104
157.4	69397636
157.5	69440616
157.6	69484116
157.7	69527524
157.8	69573528
157.9	69620968
158	69666932
158.1	69712868
158.2	69757856
158.3	69803804
158.4	69848312
158.5	69893964
158.6	69940764
158.7	69987364
158.8	70033160
158.9	70077748
159	70123448
159.1	70168748
159.2	70215308
159.3	70260952
159.4	70306788
159.5	70353036
159.6	70399284
159.7	70445508
159.8	70492184
159.9	70539152
160	70585652
160.1	70631988
160.2	70678632
160.3	70725628
160.4	70773128
160.5	70821208
160.6	70868504
160.7	70916152
160.8	70963796
160.9	71010912
161	71058404
161.1	71106676
161.2	71154748
161.3	71201604
161.4	71249584
161.5	71297084
161.6	71345016
161.7	71392424
161.8	71440956
161.9	71488912
162	71536540
162.1	71585360
162.2	71635084
162.3	71683864
162.4	71732620
162.5	71780860
162.6	71828932
162.7	71878124
162.8	71927644
162.9	71977540
163	72028736
163.1	72077476
163.2	72127996
163.3	72177288
163.4	72227544
163.5	72278140
163.6	72329164
163.7	72379852
163.8	72431304
163.9	72482284
164	72532180
164.1	72582128
164.2	72631804
164.3	72682052
164.4	72732708
164.5	72782008
164.6	72831104
164.7	72879904
164.8	72929156
164.9	72978512
165	73028788
165.1	73078380
165.2	73128208
165.3	73181556
165.4	73234264
165.5	73288016
165.6	73341532
165.7	73396572
165.8	73450176
165.9	73503272
166	73556008
166.1	73608932
166.2	73662668
166.3	73716376
166.4	73770352
166.5	73824628
166.6	73879800
166.7	73935144
166.8	73990724
166.9	74048272
167	74105884
167.1	74164296
167.2	74222156
167.3	74279908
167.4	74337780
167.5	74397016
167.6	74454424
167.7	74511232
167.8	74568748
167.9	74625712
168	74682260
168.1	74737744
168.2	74793776
168.3	74849032
168.4	74905916
168.5	74961800
168.6	75017860
168.7	75072904
168.8	75128308
168.9	75184844
169	75242032
169.1	75297788
169.2	75353584
169.3	75408784
169.4	75462940
169.5	75516520
169.6	75570100
169.7	75622272
169.8	75675004
169.9	75727292
170	75779668
170.1	75832472
170.2	75883976
170.3	75936408
170.4	75987820
170.5	76039192
170.6	76091096
170.7	76142692
170.8	76194044
170.9	76246116
171	76298092
171.1	76350276
171.2	76403108
171.3	76455944
171.4	76509040
171.5	76562092
171.6	76616816
171.7	76671644
171.8	76726904
171.9	76782460
172	76838192
172.1	76893192
172.2	76948604
172.3	77003976
172.4	77060696
172.5	77119004
172.6	77177668
172.7	77235468
172.8	77292052
172.9	77347152
173	77401796
173.1	77456152
173.2	77510712
173.3	77565092
173.4	77620072
173.5	77674788
173.6	77730816
173.7	77786236
173.8	77842896
173.9	77898448
174	77952268
174.1	78007384
174.2	78061372
174.3	78115900
174.4	78170456
174.5	78224940
174.6	78278408
174.7	78331156
174.8	78383160
174.9	78434932
175	78486400
175.1	78537372
175.2	78588540
175.3	78639832
175.4	78691032
175.5	78741348
175.6	78791644
175.7	78842336
175.8	78893348
175.9	78943708
176	78994152
176.1	79044708
176.2	79095604
176.3	79147336
176.4	79198388
176.5	79250996
176.6	79303680
176.7	79355604
176.8	79407276
176.9	79459156
177	79510896
177.1	79562696
177.2	79615012
177.3	79668016
177.4	79720696
177.5	79774464
177.6	79828496
177.7	79881664
177.8	79934508
177.9	79988092
178	80042016
178.1	80096308
178.2	80150492
178.3	80205588
178.4	80260228
178.5	80314240
178.6	80368748
178.7	80423676
178.8	80477996
178.9	80532904
179	80587176
179.1	80641396
179.2	80695672
179.3	80749384
179.4	80803964
179.5	80858148
179.6	80911908
179.7	80966272
179.8	81019344
179.9	81072092
180	81125112
180.1	81177664
180.2	81229924
180.3	81281784
180.4	81333868
180.5	81386608
180.6	81439536
180.7	81493900
180.8	81548120
180.9	81601840
181	81655620
181.1	81709608
181.2	81762080
181.3	81816428
181.4	81869844
181.5	81923480
181.6	81977444
181.7	82031632
181.8	82086064
181.9	82139932
182	82193736
182.1	82246556
182.2	82299472
182.3	82352416
182.4	82404492
182.5	82456732
182.6	82508320
182.7	82560284
182.8	82613004
182.9	82665584
183	82718328
183.1	82771320
183.2	82823116
183.3	82874268
183.4	82925076
183.5	82975152
183.6	83025012
183.7	83075652
183.8	83126572
183.9	83177056
184	83226964
184.1	83278008
184.2	83327424
184.3	83377184
184.4	83426752
184.5	83476056
184.6	83525780
184.7	83575352
184.8	83625276
184.9	83674868
185	83724976
185.1	83775252
185.2	83825532
185.3	83875980
185.4	83926228
185.5	83975340
185.6	84024784
185.7	84073976
185.8	84122824
185.9	84171464
186	84220168
186.1	84269104
186.2	84317204
186.3	84366496
186.4	84415212
186.5	84462680
186.6	84510780
186.7	84557984
186.8	84606168
186.9	84653712
187	84701120
187.1	84749108
187.2	84796332
187.3	84843864
187.4	84891692
187.5	84939252
187.6	84987164
187.7	85035176
187.8	85083080
187.9	85131032
188	85178968
188.1	85226240
188.2	85274488
188.3	85322424
188.4	85371612
188.5	85419272
188.6	85467740
188.7	85516020
188.8	85564364
188.9	85611860
189	85659396
189.1	85707024
189.2	85754816
189.3	85803136
189.4	85850376
189.5	85898664
189.6	85947252
189.7	85995424
189.8	86042952
189.9	86090304
190	86137312
190.1	86184148
190.2	86230956
190.3	86277956
190.4	86325016
190.5	86371844
190.6	86418504
190.7	86465792
190.8	86512216
190.9	86559276
191	86606080
191.1	86653280
191.2	86700048
191.3	86746840
191.4	86794552
191.5	86841224
191.6	86888256
191.7	86935540
191.8	86982860
191.9	87030704
192	87078880
192.1	87126896
192.2	87174640
192.3	87222164
192.4	87270496
192.5	87318416
192.6	87366232
192.7	87414628
192.8	87462724
192.9	87511024
193	87560008
193.1	87609296
193.2	87658340
193.3	87706928
193.4	87755412
193.5	87803820
193.6	87852424
193.7	87900108
193.8	87948064
193.9	87996344
194	88044644
194.1	88093244
194.2	88140800
194.3	88189248
194.4	88237156
194.5	88285020
194.6	88333832
194.7	88382252
194.8	88430164
194.9	88478476
195	88527148
195.1	88575872
195.2	88623912
195.3	88672248
195.4	88720168
195.5	88767728
195.6	88815240
195.7	88862320
195.8	88909884
195.9	88957560
196	89004296
196.1	89051904
196.2	89099624
196.3	89147648
196.4	89195700
196.5	89244124
196.6	89291908
196.7	89339652
196.8	89387344
196.9	89434960
197	89482364
197.1	89531204
197.2	89579356
197.3	89627652
197.4	89676704
197.5	89725008
197.6	89773276
197.7	89821228
197.8	89869056
197.9	89917288
198	89966096
198.1	90014056
198.2	90062868
198.3	90110992
198.4	90159536
198.5	90207632
198.6	90256256
198.7	90304196
198.8	90352484
198.9	90400176
199	90447644
199.1	90495216
199.2	90542184
199.3	90589336
199.4	90636528
199.5	90683784
199.6	90731144
199.7	90778056
199.8	90826260
199.9	90873612
200	90920068
200.1	90967152
200.2	91014272
200.3	91061428
200.4	91108100
200.5	91155108
200.6	91202088
200.7	91248968
200.8	91296308
200.9	91342576
201	91389304
201.1	91434408
201.2	91480236
201.3	91525576
201.4	91571604
201.5	91616568
201.6	91662024
201.7	91706832
201.8	91751700
201.9	91796932
202	91842416
202.1	91886064
202.2	91931148
202.3	91976312
202.4	92021084
202.5	92065192
202.6	92109796
202.7	92154008
202.8	92197548
202.9	92241648
203	92285160
203.1	92329360
203.2	92373388
203.3	92417148
203.4	92461332
203.5	92505128
203.6	92549356
203.7	92593248
203.8	92636532
203.9	92679464
204	92723608
204.1	92767564
204.2	92810992
204.3	92855788
204.4	92900984
204.5	92944476
204.6	92989696
204.7	93033868
204.8	93076832
204.9	93121708
205	93166044
205.1	93209548
205.2	93254636
205.3	93299612
205.4	93343116
205.5	93388396
205.6	93433736
205.7	93477348
205.8	93523092
205.9	93569632
206	93615132
206.1	93662460
206.2	93709572
206.3	93756464
206.4	93805156
206.5	93854028
206.6	93901956
206.7	93951084
206.8	94000660
206.9	94050264
207	94102108
207.1	94153544
207.2	94203024
207.3	94252496
207.4	94301748
207.5	94349504
207.6	94398240
207.7	94446992
207.8	94494340
207.9	94542140
208	94590812
208.1	94637708
208.2	94684952
208.3	94732236
208.4	94779548
208.5	94826880
208.6	94874336
208.7	94921540
208.8	94968844
208.9	95017288
209	95064408
209.1	95112392
209.2	95160288
209.3	95206776
209.4	95253668
209.5	95300368
209.6	95345988
209.7	95392412
209.8	95438764
209.9	95484688
210	95531184
210.1	95578180
210.2	95624788
210.3	95672048
210.4	95719560
210.5	95765280
210.6	95811948
210.7	95858648
210.8	95904792
210.9	95950864
211	95997104
211.1	96042436
211.2	96088452
211.3	96134056
211.4	96178976
211.5	96224596
211.6	96270316
211.7	96315176
211.8	96360696
211.9	96406216
212	96450544
212.1	96496036
212.2	96541132
212.3	96584936
212.4	96629936
212.5	96675016
212.6	96718892
212.7	96763924
212.8	96809380
212.9	96853452
213	96898996
213.1	96945124
213.2	96990636
213.3	97037424
213.4	97084084
213.5	97129324
213.6	97175388
213.7	97221924
213.8	97267680
213.9	97314744
214	97361080
214.1	97406340
214.2	97451940
214.3	97498288
214.4	97543988
214.5	97589144
214.6	97635040
214.7	97678708
214.8	97723664
214.9	97767796
215	97811504
215.1	97855828
215.2	97899200
215.3	97942408
215.4	97986500
215.5	98030168
215.6	98073444
215.7	98117360
215.8	98161720
215.9	98205164
216	98249004
216.1	98293688
216.2	98337916
216.3	98383888
216.4	98429184
216.5	98473872
216.6	98519492
216.7	98565484
216.8	98610880
216.9	98656400
217	98701936
217.1	98746056
217.2	98790180
217.3	98834080
217.4	98877968
217.5	98922244
217.6	98965952
217.7	99008728
217.8	99051808
217.9	99095056
218	99138376
218.1	99181200
218.2	99224020
218.3	99265676
218.4	99309420
218.5	99352908
218.6	99395368
218.7	99438516
218.8	99481076
218.9	99523568
219	99565992
219.1	99608540
219.2	99650972
219.3	99693040
219.4	99735552
219.5	99777112
219.6	99819428
219.7	99861236
219.8	99904040
219.9	99945804
220	99987140
220.1	100028156
220.2	100069960
220.3	100112132
220.4	100154208
220.5	100195504
220.6	100237080
220.7	100278436
220.8	100320024
220.9	100362184
221	100403676
221.1	100445508
221.2	100487040
221.3	100528936
221.4	100570196
221.5	100612676
221.6	100655148
221.7	100697300
221.8	100739504
221.9	100780688
222	100822220
222.1	100863808
222.2	100905036
222.3	100946260
222.4	100987536
222.5	101029024
222.6	101069540
222.7	101110784
222.8	101152976
222.9	101194872
223	101235908
223.1	101276676
223.2	101317412
223.3	101358496
223.4	101400324
223.5	101441456
223.6	101482852
223.7	101523892
223.8	101565192
223.9	101606868
224	101649100
224.1	101691408
224.2	101734052
224.3	101776828
224.4	101819392
224.5	101862344
224.6	101905356
224.7	101946800
224.8	101989156
224.9	102030860
225	102073492
225.1	102116728
225.2	102160216
225.3	102203152
225.4	102247500
225.5	102290736
225.6	102334384
225.7	102378356
225.8	102422832
225.9	102467168
226	102511652
226.1	102555052
226.2	102599132
226.3	102643264
226.4	102687212
226.5	102731124
226.6	102774860
226.7	102817720
226.8	102860588
226.9	102903900
227	102946864
227.1	102989768
227.2	103032356
227.3	103074400
227.4	103116976
227.5	103160248
227.6	103203544
227.7	103246572
227.8	103289484
227.9	103332604
228	103375820
228.1	103418872
228.2	103462136
228.3	103505780
228.4	103549088
228.5	103592132
228.6	103635756
228.7	103678988
228.8	103722584
228.9	103766440
229	103810400
229.1	103854256
229.2	103898972
229.3	103943784
229.4	103988168
229.5	104032052
229.6	104076248
229.7	104119600
229.8	104162524
229.9	104205868
230	104248772
230.1	104291276
230.2	104333696
230.3	104376292
230.4	104418868
230.5	104461748
230.6	104504608
230.7	104547248
230.8	104590104
230.9	104632872
231	104676068
231.1	104718992
231.2	104762744
231.3	104805520
231.4	104848120
231.5	104890604
231.6	104932308
231.7	104973676
231.8	105015908
231.9	105057808
232	105098740
232.1	105139700
232.2	105180600
232.3	105221252
232.4	105262504
232.5	105302556
232.6	105343300
232.7	105383532
232.8	105424412
232.9	105464764
233	105505708
233.1	105546296
233.2	105586940
233.3	105627004
233.4	105668052
233.5	105709236
233.6	105749952
233.7	105790988
233.8	105832064
233.9	105872576
234	105913232
234.1	105954392
234.2	105995116
234.3	106035332
234.4	106075432
234.5	106116236
234.6	106156828
234.7	106197440
234.8	106238416
234.9	106279064
235	106319600
235.1	106360168
235.2	106400732
235.3	106441364
235.4	106481972
235.5	106522748
235.6	106563428
235.7	106603908
235.8	106644548
235.9	106685404
236	106725932
236.1	106765784
236.2	106805864
236.3	106845392
236.4	106885984
236.5	106926136
236.6	106966676
236.7	107006928
236.8	107047996
236.9	107087720
237	107128056
237.1	107168356
237.2	107208644
237.3	107248052
237.4	107288828
237.5	107328952
237.6	107368904
237.7	107409112
237.8	107448832
237.9	107488464
238	107528408
238.1	107567772
238.2	107608080
238.3	107647668
238.4	107687808
238.5	107727864
238.6	107768292
238.7	107807840
238.8	107847548
238.9	107887488
239	107928012
239.1	107967600
239.2	108007352
239.3	108047460
239.4	108087288
239.5	108127700
239.6	108167724
239.7	108208176
239.8	108247640
239.9	108286876
240	108326192
240.1	108365984
240.2	108405740
240.3	108445572
240.4	108485144
240.5	108524016
240.6	108563448
240.7	108603480
240.8	108643252
240.9	108682184
241	108721628
241.1	108760868
241.2	108800708
241.3	108840488
241.4	108880036
241.5	108918884
241.6	108958080
241.7	108996432
241.8	109035284
241.9	109074360
242	109113200
242.1	109151856
242.2	109190020
242.3	109228328
242.4	109266408
242.5	109304756
242.6	109343640
242.7	109381808
242.8	109420484
242.9	109458428
243	109496800
243.1	109535168
243.2	109574256
243.3	109612776
243.4	109651052
243.5	109689104
243.6	109727080
243.7	109765756
243.8	109804368
243.9	109842600
244	109881656
244.1	109919260
244.2	109958000
244.3	109996164
244.4	110034484
244.5	110072524
244.6	110110756
244.7	110149164
244.8	110187100
244.9	110225632
245	110264484
245.1	110302028
245.2	110340464
245.3	110378948
245.4	110416816
245.5	110455116
245.6	110493620
245.7	110532364
245.8	110571172
245.9	110609260
246	110647884
246.1	110686092
246.2	110725088
246.3	110763728
246.4	110802440
246.5	110841216
246.6	110879276
246.7	110918496
246.8	110957264
246.9	110995968
247	111035164
247.1	111073328
247.2	111112516
247.3	111151732
247.4	111191252
247.5	111230020
247.6	111268760
247.7	111307088
247.8	111345656
247.9	111384544
248	111423652
248.1	111461544
248.2	111500476
248.3	111538700
248.4	111577648
248.5	111615848
248.6	111654584
248.7	111692860
248.8	111731952
248.9	111769984
249	111808556
249.1	111847212
249.2	111887596
249.3	111927036
249.4	111966536
249.5	112005936
249.6	112044852
249.7	112083956
249.8	112123436
249.9	112162756
250	112201572
250.1	112240812
250.2	112279468
250.3	112318112
250.4	112357688
250.5	112396140
250.6	112434116
250.7	112472688
250.8	112511664
250.9	112550476
251	112589504
251.1	112628064
251.2	112667072
251.3	112705560
251.4	112744304
251.5	112782724
251.6	112822180
251.7	112860528
251.8	112899460
251.9	112938208
252	112976680
252.1	113015268
252.2	113054056
252.3	113092432
252.4	113131304
252.5	113168944
252.6	113207072
252.7	113245452
252.8	113284388
252.9	113321996
253	113360268
253.1	113398192
253.2	113435924
253.3	113474240
253.4	113512476
253.5	113551032
253.6	113588900
253.7	113626948
253.8	113664488
253.9	113702568
254	113741276
254.1	113779492
254.2	113817240
254.3	113854892
254.4	113893308
254.5	113931232
254.6	113969780
254.7	114007684
254.8	114045764
254.9	114083708
255	114121504
255.1	114159880
255.2	114198076
255.3	114235964
255.4	114274088
255.5	114312352
255.6	114350800
255.7	114389804
255.8	114428680
255.9	114467896
256	114506152
256.1	114544256
256.2	114582324
256.3	114621256
256.4	114660612
256.5	114699004
256.6	114737080
256.7	114775560
256.8	114813368
256.9	114852320
257	114890764
257.1	114929840
257.2	114968616
257.3	115006976
257.4	115045920
257.5	115084820
257.6	115123424
257.7	115162628
257.8	115200980
257.9	115239148
258	115277348
258.1	115315532
258.2	115354540
258.3	115392876
258.4	115431744
258.5	115469520
258.6	115507692
258.7	115546060
258.8	115584212
258.9	115622404
259	115660204
259.1	115698064
259.2	115735812
259.3	115773256
259.4	115811180
259.5	115849348
259.6	115886568
259.7	115924216
259.8	115962044
259.9	115999848
260	116037608
260.1	116075704
260.2	116113616
260.3	116151004
260.4	116188832
260.5	116226104
260.6	116264216
260.7	116301032
260.8	116338680
260.9	116376324
261	116413496
261.1	116451168
261.2	116489448
261.3	116527068
261.4	116564828
261.5	116602260
261.6	116640408
261.7	116678284
261.8	116715832
261.9	116752844
262	116790184
262.1	116827956
262.2	116865112
262.3	116902684
262.4	116941340
262.5	116979092
262.6	117016872
262.7	117054180
262.8	117091428
262.9	117128940
263	117166816
263.1	117204820
263.2	117242740
263.3	117280048
263.4	117317916
263.5	117355424
263.6	117393312
263.7	117431048
263.8	117469040
263.9	117506272
264	117544084
264.1	117582236
264.2	117620552
264.3	117658476
264.4	117696844
264.5	117734420
264.6	117773088
264.7	117810816
264.8	117849064
264.9	117887572
265	117925940
265.1	117963168
265.2	118000964
265.3	118038756
265.4	118077152
265.5	118114796
265.6	118153008
265.7	118190284
265.8	118228576
265.9	118265756
266	118303304
266.1	118340480
266.2	118377956
266.3	118414512
266.4	118452376
266.5	118489436
266.6	118527528
266.7	118565108
266.8	118603136
266.9	118640028
267	118677500
267.1	118715220
267.2	118752964
267.3	118789952
267.4	118827108
267.5	118863716
267.6	118900652
267.7	118937728
267.8	118974892
267.9	119012392
268	119049404
268.1	119085996
268.2	119123980
268.3	119161308
268.4	119198880
268.5	119236892
268.6	119274120
268.7	119311304
268.8	119348908
268.9	119386472
269	119424792
269.1	119462884
269.2	119500420
269.3	119537880
269.4	119575700
269.5	119613360
269.6	119651384
269.7	119689588
269.8	119727568
269.9	119765092
270	119803212
270.1	119841644
270.2	119879760
270.3	119918216
270.4	119956388
270.5	119993920
270.6	120031580
270.7	120069684
270.8	120107200
270.9	120144728
271	120182584
271.1	120218964
271.2	120255992
271.3	120293508
271.4	120330688
271.5	120368100
271.6	120405260
271.7	120441880
271.8	120479720
271.9	120516904
272	120554244
272.1	120591760
272.2	120629832
272.3	120666032
272.4	120703568
272.5	120741280
272.6	120779212
272.7	120816872
272.8	120854216
272.9	120891716
273	120929580
273.1	120967676
273.2	121005648
273.3	121043832
273.4	121081524
273.5	121119260
273.6	121157408
273.7	121195728
273.8	121233512
273.9	121272044
274	121310488
274.1	121348700
274.2	121387628
274.3	121427020
274.4	121466540
274.5	121506868
274.6	121546632
274.7	121586248
274.8	121626320
274.9	121666168
275	121706288
275.1	121747208
275.2	121788464
275.3	121829780
275.4	121872292
275.5	121914364
275.6	121955732
275.7	121998216
275.8	122040940
275.9	122083380
276	122127040
276.1	122171440
276.2	122214180
276.3	122259760
276.4	122312852
276.5	122392792
276.6	122461588
276.7	122513312
276.8	122559992
276.9	122608364
277	122657360
277.1	122704760
277.2	122754100
277.3	122802868
277.4	122851876
277.5	122901632
277.6	122950352
277.7	123000764
277.8	123050840
277.9	123100792
278	123151468
278.1	123201580
278.2	123251192
278.3	123301060
278.4	123352904
278.5	123405776
278.6	123458856
278.7	123512480
278.8	123565816
278.9	123620168
279	123676256
279.1	123733292
279.2	123789348
279.3	123846312
279.4	123903652
279.5	123960872
279.6	124018080
279.7	124075172
279.8	124132476
279.9	124189972
280	124248264
280.1	124306352
280.2	124363960
280.3	124421312
280.4	124478700
280.5	124536892
280.6	124595144
280.7	124653056
280.8	124711244
280.9	124770040
281	124829044
281.1	124887880
281.2	124945924
281.3	125006824
281.4	125066992
281.5	125126836
281.6	125186932
281.7	125246744
281.8	125305748
281.9	125365732
282	125425816
282.1	125485856
282.2	125546004
282.3	125605668
282.4	125665836
282.5	125725412
282.6	125785024
282.7	125844188
282.8	125903744
282.9	125963328
283	126022128
283.1	126081036
283.2	126140296
283.3	126198664
283.4	126257608
283.5	126316068
283.6	126375436
283.7	126434988
283.8	126494128
283.9	126553516
284	126612976
284.1	126671356
284.2	126730232
284.3	126788980
284.4	126847448
284.5	126905640
284.6	126964004
284.7	127022032
284.8	127080272
284.9	127138140
285	127196588
285.1	127255232
285.2	127312684
285.3	127370396
285.4	127428652
285.5	127487192
285.6	127545572
285.7	127604524
285.8	127664060
285.9	127722424
286	127781124
286.1	127839920
286.2	127898984
286.3	127957080
286.4	128015468
286.5	128073800
286.6	128132892
286.7	128191544
286.8	128250656
286.9	128309224
287	128367164
287.1	128425152
287.2	128483500
287.3	128541552
287.4	128599536
287.5	128657816
287.6	128715796
287.7	128773080
287.8	128830304
287.9	128888104
288	128945092
288.1	129002892
288.2	129061028
288.3	129120252
288.4	129178980
288.5	129236940
288.6	129295472
288.7	129352916
288.8	129410200
288.9	129467636
289	129524804
289.1	129581796
289.2	129638264
289.3	129695016
289.4	129751688
289.5	129808680
289.6	129866424
289.7	129924552
289.8	129982248
289.9	130040616
290	130098988
290.1	130156484
290.2	130215348
290.3	130273496
290.4	130332444
290.5	130391396
290.6	130450368
290.7	130508872
290.8	130567676
290.9	130625924
291	130683712
291.1	130741496
291.2	130798796
291.3	130855824
291.4	130913676
291.5	130971408
291.6	131028296
291.7	131085128
291.8	131142172
291.9	131199096
292	131255808
292.1	131312008
292.2	131368456
292.3	131424320
292.4	131480756
292.5	131537148
292.6	131593276
292.7	131649228
292.8	131706068
292.9	131762536
293	131819204
293.1	131875884
293.2	131932556
293.3	131988976
293.4	132045404
293.5	132101968
293.6	132158096
293.7	132214068
293.8	132270588
293.9	132325620
294	132381104
294.1	132436448
294.2	132491896
294.3	132546584
294.4	132601644
294.5	132656712
294.6	132711140
294.7	132766828
294.8	132821560
294.9	132876560
295	132931852
295.1	132987208
295.2	133041824
295.3	133096596
295.4	133151292
295.5	133206080
295.6	133260160
295.7	133314876
295.8	133368560
295.9	133422916
296	133476844
296.1	133531188
296.2	133585312
296.3	133639364
296.4	133694316
296.5	133747888
296.6	133801916
296.7	133856296
296.8	133910168
296.9	133964508
297	134019128
297.1	134072988
297.2	134127016
297.3	134180664
297.4	134234412
297.5	134288180
297.6	134341900
297.7	134394728
297.8	134448752
297.9	134502220
298	134555352
298.1	134608444
298.2	134661616
298.3	134714912
298.4	134767876
298.5	134820276
298.6	134872936
298.7	134926636
298.8	134979656
298.9	135032960
299	135085976
299.1	135139576
299.2	135192636
299.3	135246048
299.4	135298652
299.5	135351524
299.6	135404664
299.7	135456980
299.8	135509316
299.9	135561880
300	135614060
300.1	135666616
300.2	135718972
300.3	135771216
300.4	135823368
300.5	135875240
300.6	135927440
300.7	135979460
300.8	136031616
300.9	136083292
301	136135400
301.1	136187048
301.2	136238864
301.3	136291124
301.4	136343120
301.5	136395480
301.6	136447508
301.7	136499756
301.8	136551504
301.9	136603428
302	136655216
302.1	136707288
302.2	136758948
302.3	136810732
302.4	136862808
302.5	136914640
302.6	136966484
302.7	137018216
302.8	137069500
302.9	137121220
303	137172992
303.1	137224560
303.2	137276192
303.3	137327592
303.4	137378820
303.5	137430180
303.6	137481428
303.7	137532600
303.8	137583560
303.9	137634652
304	137686376
304.1	137737596
304.2	137788428
304.3	137839592
304.4	137890684
304.5	137941604
304.6	137992928
304.7	138044496
304.8	138095604
304.9	138146980
305	138197996
305.1	138249640
305.2	138300688
305.3	138352148
305.4	138403628
305.5	138454960
305.6	138506012
305.7	138557396
305.8	138608004
305.9	138658556
306	138709688
306.1	138760972
306.2	138811556
306.3	138863032
306.4	138913820
306.5	138964472
306.6	139015388
306.7	139066512
306.8	139117736
306.9	139168604
307	139219396
307.1	139270040
307.2	139320804
307.3	139370824
307.4	139421452
307.5	139472444
307.6	139523200
307.7	139574012
307.8	139624572
307.9	139675344
308	139726444
308.1	139777324
308.2	139828148
308.3	139879132
308.4	139929908
308.5	139981072
308.6	140032052
308.7	140083136
308.8	140134032
308.9	140184704
309	140236068
309.1	140286692
309.2	140337044
309.3	140387368
309.4	140437852
309.5	140488060
309.6	140538784
309.7	140588688
309.8	140638840
309.9	140688484
310	140738544
310.1	140788540
310.2	140838544
310.3	140888728
310.4	140938776
310.5	140988460
310.6	141038428
310.7	141088376
310.8	141138380
310.9	141188772
311	141238932
311.1	141289044
311.2	141339472
311.3	141389508
311.4	141439724
311.5	141490532
311.6	141540556
311.7	141591564
311.8	141642080
311.9	141693584
312	141744344
312.1	141794928
312.2	141845760
312.3	141896984
312.4	141948008
312.5	141999312
312.6	142050348
312.7	142101920
312.8	142153576
312.9	142205280
313	142257708
313.1	142309400
313.2	142361516
313.3	142413116
313.4	142464884
313.5	142515964
313.6	142566856
313.7	142618532
313.8	142669520
313.9	142720276
314	142771200
314.1	142822240
314.2	142872652
314.3	142923512
314.4	142974880
314.5	143025692
314.6	143076360
314.7	143127604
314.8	143177896
314.9	143229288
315	143280572
315.1	143331388
315.2	143382268
315.3	143433564
315.4	143484208
315.5	143535000
315.6	143586148
315.7	143636828
315.8	143687732
315.9	143738196
316	143789208
316.1	143839816
316.2	143891092
316.3	143942564
316.4	143993632
316.5	144044268
316.6	144095496
316.7	144145712
316.8	144196356
316.9	144247488
317	144297588
317.1	144348084
317.2	144399308
317.3	144449540
317.4	144500072
317.5	144550668
317.6	144601424
317.7	144651804
317.8	144701904
317.9	144753048
318	144804108
318.1	144855332
318.2	144906436
318.3	144957568
318.4	145008392
318.5	145059212
318.6	145110240
318.7	145160952
318.8	145211880
318.9	145262756
319	145313512
319.1	145365276
319.2	145415996
319.3	145467288
319.4	145518368
319.5	145569296
319.6	145620564
319.7	145672112
319.8	145724328
319.9	145775752
320	145827440
320.1	145878884
320.2	145930068
320.3	145981336
320.4	146033564
320.5	146084920
320.6	146135812
320.7	146187516
320.8	146238432
320.9	146290276
321	146341852
321.1	146393072
321.2	146444444
321.3	146495764
321.4	146546764
321.5	146598416
321.6	146650112
321.7	146702028
321.8	146753468
321.9	146805376
322	146856928
322.1	146908876
322.2	146960756
322.3	147012468
322.4	147064208
322.5	147116528
322.6	147167980
322.7	147219484
322.8	147271140
322.9	147322948
323	147374264
323.1	147425732
323.2	147477360
323.3	147529356
323.4	147580724
323.5	147632660
323.6	147684712
323.7	147736824
323.8	147788504
323.9	147840824
324	147892672
324.1	147945972
324.2	147997616
324.3	148050112
324.4	148103416
324.5	148156072
324.6	148209236
324.7	148262220
324.8	148314460
324.9	148366992
325	148419472
325.1	148472112
325.2	148525260
325.3	148578424
325.4	148631744
325.5	148684236
325.6	148736328
325.7	148788924
325.8	148841600
325.9	148894572
326	148947312
326.1	148999844
326.2	149052400
326.3	149104816
326.4	149157288
326.5	149210276
326.6	149263184
326.7	149316584
326.8	149370148
326.9	149423808
327	149477400
327.1	149531872
327.2	149591648
327.3	149671148
327.4	149736352
327.5	149795572
327.6	149852656
327.7	149909700
327.8	149967508
327.9	150026008
328	150085020
328.1	150144504
328.2	150205580
328.3	150265484
328.4	150324908
328.5	150385080
328.6	150444352
328.7	150503448
328.8	150562796
328.9	150621936
329	150681068
329.1	150741264
329.2	150800664
329.3	150861416
329.4	150923164
329.5	150985640
329.6	151048208
329.7	151109488
329.8	151170036
329.9	151231444
330	151292508
330.1	151353712
330.2	151415408
330.3	151476536
330.4	151537288
330.5	151600024
330.6	151661752
330.7	151723692
330.8	151785964
330.9	151848732
331	151912248
331.1	151976088
331.2	152040020
331.3	152103160
331.4	152166472
331.5	152230668
331.6	152294780
331.7	152358508
331.8	152423300
331.9	152488496
332	152553288
332.1	152618436
332.2	152684628
332.3	152751336
332.4	152817856
332.5	152884408
332.6	152951868
332.7	153018912
332.8	153086444
332.9	153154788
333	153222232
333.1	153290100
333.2	153358256
333.3	153425836
333.4	153492984
333.5	153560440
333.6	153628892
333.7	153699376
333.8	153771044
333.9	153844192
334	153917280
334.1	153991480
334.2	154067892
334.3	154146728
334.4	154227840
334.5	154302880
334.6	154375248
334.7	154447016
334.8	154518184
334.9	154588692
335	154658388
335.1	154727416
335.2	154796864
335.3	154865636
335.4	154934164
335.5	155002876
335.6	155070408
335.7	155137724
335.8	155204856
335.9	155271768
336	155339028
336.1	155405652
336.2	155471628
336.3	155537756
336.4	155603492
336.5	155668936
336.6	155734936
336.7	155802720
336.8	155869788
336.9	155936196
337	156002564
337.1	156068676
337.2	156134732
337.3	156200764
337.4	156266232
337.5	156331364
337.6	156397036
337.7	156463256
337.8	156529528
337.9	156596092
338	156661216
338.1	156727044
338.2	156792092
338.3	156857844
338.4	156923552
338.5	156989020
338.6	157053960
338.7	157119480
338.8	157185448
338.9	157251204
339	157317180
339.1	157383336
339.2	157450256
339.3	157517204
339.4	157584060
339.5	157649480
339.6	157714824
339.7	157779828
339.8	157844728
339.9	157908512
340	157972356
340.1	158036780
340.2	158100196
340.3	158164172
340.4	158227776
340.5	158292044
340.6	158355628
340.7	158419360
340.8	158482788
340.9	158546172
341	158609128
341.1	158673280
341.2	158737720
341.3	158801860
341.4	158865440
341.5	158928752
341.6	158992864
341.7	159056780
341.8	159120552
341.9	159182760
342	159244684
342.1	159306748
342.2	159369540
342.3	159432404
342.4	159495488
342.5	159558548
342.6	159621584
342.7	159685248
342.8	159748848
342.9	159811620
343	159874928
343.1	159937300
343.2	159999592
343.3	160061216
343.4	160123212
343.5	160185112
343.6	160247372
343.7	160308496
343.8	160369096
343.9	160429532
344	160490152
344.1	160550792
344.2	160611012
344.3	160671428
344.4	160731032
344.5	160791572
344.6	160850792
344.7	160910576
344.8	160970456
344.9	161030112
345	161090288
345.1	161150200
345.2	161210108
345.3	161270524
345.4	161330784
345.5	161391384
345.6	161452740
345.7	161513188
345.8	161573192
345.9	161633156
346	161692948
346.1	161752836
346.2	161813076
346.3	161872112
346.4	161931208
346.5	161990564
346.6	162049220
346.7	162108492
346.8	162167528
346.9	162226484
347	162285692
347.1	162345156
347.2	162404684
347.3	162463992
347.4	162524088
347.5	162583020
347.6	162642012
347.7	162700824
347.8	162760024
347.9	162818356
348	162877300
348.1	162935512
348.2	162993664
348.3	163052900
348.4	163111372
348.5	163171184
348.6	163229840
348.7	163288916
348.8	163347740
348.9	163407044
349	163466180
349.1	163525876
349.2	163584712
349.3	163643744
349.4	163703152
349.5	163762272
349.6	163820872
349.7	163879876
349.8	163938860
349.9	163997596
350	164056792