%  hypsometry data
%  created by Bryce Glenn, Julian Cross, and Maciek Obryk
%  orthometric heights
%  based on local datum (WGS84 +53.4 m)
%  Depth h (m)    Area A Min RIS (m^2)	
24.056	0
24.156	4
24.256	228
24.356	972
24.456	2996
24.556	8204
24.656	18340
24.756	29364
24.856	37612
24.956	43220
25.056	48184
25.156	53112
25.256	58200
25.356	62956
25.456	68040
25.556	73148
25.656	78548
25.756	84632
25.856	91192
25.956	97756
26.056	106256
26.156	115168
26.256	124060
26.356	133620
26.456	144344
26.556	156292
26.656	169412
26.756	186184
26.856	203944
26.956	222552
27.056	241876
27.156	262808
27.256	283724
27.356	302752
27.456	319984
27.556	336300
27.656	351220
27.756	366372
27.856	382712
27.956	399640
28.056	416136
28.156	432288
28.256	450844
28.356	469992
28.457	488404
28.557	506228
28.657	523528
28.757	539888
28.857	555588
28.957	571580
29.057	587320
29.157	603888
29.257	620196
29.357	638604
29.457	658120
29.557	679620
29.657	704052
29.757	726896
29.857	746408
29.957	762872
30.057	778364
30.157	792684
30.257	807184
30.357	821664
30.457	835712
30.557	849688
30.657	863448
30.757	876800
30.857	890156
30.957	903592
31.057	917012
31.157	930520
31.257	944124
31.357	956924
31.457	969916
31.557	982584
31.657	995112
31.757	1007464
31.857	1019964
31.957	1032060
32.057	1044804
32.157	1057128
32.257	1069472
32.357	1082012
32.457	1094568
32.557	1107220
32.657	1119732
32.757	1132148
32.857	1144224
32.957	1156500
33.057	1168452
33.157	1180896
33.257	1193656
33.357	1206420
33.457	1219384
33.557	1232428
33.657	1245384
33.757	1258944
33.857	1271472
33.957	1284036
34.057	1296620
34.157	1309364
34.257	1321704
34.357	1333756
34.457	1346012
34.557	1357980
34.657	1369636
34.757	1381116
34.857	1392324
34.957	1403484
35.057	1414176
35.157	1424740
35.257	1435320
35.357	1445980
35.457	1456356
35.557	1466708
35.657	1477328
35.757	1487888
35.858	1497916
35.958	1508388
36.058	1518856
36.158	1529000
36.258	1539480
36.358	1549464
36.458	1559172
36.558	1569236
36.658	1578756
36.758	1588876
36.858	1598956
36.958	1608600
37.058	1618236
37.158	1627700
37.258	1637216
37.358	1646808
37.458	1656204
37.558	1666004
37.658	1675540
37.758	1684652
37.858	1694228
37.958	1703520
38.058	1713220
38.158	1722556
38.258	1731748
38.358	1741368
38.458	1750832
38.558	1760256
38.658	1769296
38.758	1779028
38.858	1788372
38.958	1797540
39.058	1807156
39.158	1816708
39.258	1826060
39.358	1835368
39.458	1844804
39.558	1854476
39.658	1864024
39.758	1873156
39.858	1882396
39.958	1891624
40.058	1901196
40.158	1910712
40.258	1920204
40.358	1929456
40.458	1938696
40.558	1947808
40.658	1957332
40.758	1966716
40.858	1975880
40.958	1984976
41.058	1994060
41.158	2003148
41.258	2012080
41.358	2021040
41.458	2029916
41.558	2039068
41.658	2047948
41.758	2056380
41.858	2064976
41.958	2073604
42.058	2082792
42.158	2091496
42.258	2100440
42.358	2109340
42.458	2118188
42.558	2126880
42.658	2135792
42.758	2144580
42.858	2153372
42.958	2162488
43.058	2171520
43.158	2180684
43.259	2189612
43.359	2198972
43.459	2208232
43.559	2217492
43.659	2226584
43.759	2235904
43.859	2245328
43.959	2254288
44.059	2263400
44.159	2272716
44.259	2281992
44.359	2291604
44.459	2301472
44.559	2311148
44.659	2321148
44.759	2331220
44.859	2341204
44.959	2351048
45.059	2360628
45.159	2369864
45.259	2379388
45.359	2388908
45.459	2398108
45.559	2407552
45.659	2417020
45.759	2426364
45.859	2435836
45.959	2445444
46.059	2454704
46.159	2464472
46.259	2474152
46.359	2484076
46.459	2493848
46.559	2503628
46.659	2513616
46.759	2523492
46.859	2533664
46.959	2544108
47.059	2554332
47.159	2564176
47.259	2574044
47.359	2583640
47.459	2593168
47.559	2602768
47.659	2612164
47.759	2621748
47.859	2631348
47.959	2640604
48.059	2650432
48.159	2660032
48.259	2669904
48.359	2679712
48.459	2689360
48.559	2698740
48.659	2708480
48.759	2718156
48.859	2727812
48.959	2737512
49.059	2746924
49.159	2756812
49.259	2766704
49.359	2776672
49.459	2786936
49.559	2797176
49.659	2806852
49.759	2816872
49.859	2826560
49.959	2836520
50.059	2846752
50.159	2856860
50.259	2866588
50.359	2876424
50.459	2886592
50.559	2896584
50.660	2906788
50.760	2916544
50.860	2925976
50.960	2936100
51.060	2945704
51.160	2955744
51.260	2965492
51.360	2975196
51.460	2984844
51.560	2994528
51.660	3003824
51.760	3013588
51.860	3023632
51.960	3033204
52.060	3042572
52.160	3052560
52.260	3062188
52.360	3071800
52.460	3081636
52.560	3091436
52.660	3101476
52.760	3111516
52.860	3121528
52.960	3131748
53.060	3141900
53.160	3152308
53.260	3162924
53.360	3173740
53.460	3184228
53.560	3194988
53.660	3205952
53.760	3216988
53.860	3228084
53.960	3239460
54.060	3250664
54.160	3262356
54.260	3273968
54.360	3286000
54.460	3298664
54.560	3311696
54.660	3325392
54.760	3341156
54.860	3357880
54.960	3372448
55.060	3385248
55.160	3397724
55.260	3410188
55.360	3422232
55.460	3434308
55.560	3446264
55.660	3457788
55.760	3469632
55.860	3481796
55.960	3493640
56.060	3505508
56.160	3517684
56.260	3529932
56.360	3542912
56.460	3555772
56.560	3568968
56.660	3582444
56.760	3597332
56.860	3612940
56.960	3630824
57.060	3650600
57.160	3675172
57.260	3702308
57.360	3726504
57.460	3744648
57.560	3759592
57.660	3773356
57.760	3786884
57.860	3799840
57.960	3812432
58.061	3824996
58.161	3837828
58.261	3850492
58.361	3863140
58.461	3875640
58.561	3887900
58.661	3900612
58.761	3913020
58.861	3925656
58.961	3938696
59.061	3951464
59.161	3964776
59.261	3978188
59.361	3991884
59.461	4005760
59.561	4019320
59.661	4032508
59.761	4046120
59.861	4058788
59.961	4071720
60.061	4084912
60.161	4097816
60.261	4110904
60.361	4124204
60.461	4137680
60.561	4150688
60.661	4163208
60.761	4175768
60.861	4187524
60.961	4199512
61.061	4211224
61.161	4222892
61.261	4234568
61.361	4246444
61.461	4258820
61.561	4271456
61.661	4285236
61.761	4300360
61.861	4315444
61.961	4328720
62.061	4341380
62.161	4353456
62.261	4364992
62.361	4376316
62.461	4387128
62.561	4397304
62.661	4406736
62.761	4415968
62.861	4425236
62.961	4433540
63.061	4441960
63.161	4450132
63.261	4457684
63.361	4464724
63.461	4471604
63.561	4478964
63.661	4486452
63.761	4493472
63.861	4500044
63.961	4506728
64.061	4513428
64.161	4520340
64.261	4526992
64.361	4533988
64.461	4541204
64.561	4548376
64.661	4555168
64.761	4562112
64.861	4568640
64.961	4574724
65.061	4578696
65.161	4580908
65.261	4582060
65.361	4583064
65.462	4589288
65.562	4599220
65.662	4610736
65.762	4621280
65.862	4630752
65.962	4639256
66.062	4647328
66.162	4655744
66.262	4663736
66.362	4671352
66.462	4678560
66.562	4686296
66.662	4693580
66.762	4701028
66.862	4707836
66.962	4714984
67.062	4722140
67.162	4729276
67.262	4736356
67.362	4743512
67.462	4750552
67.562	4758008
67.662	4765260
67.762	4772700
67.862	4780396
67.962	4787832
68.062	4795080
68.162	4802476
68.262	4810220
68.362	4817788
68.462	4825068
68.562	4832032
68.662	4839452
68.762	4846756
68.862	4854248
68.962	4861776
69.062	4869340
69.162	4876616
69.262	4884084
69.362	4891544
69.462	4898772
69.562	4906544
69.662	4913692
69.762	4920940
69.862	4928240
69.962	4935336
70.062	4942260
70.162	4949112
70.262	4956068
70.362	4963084
70.462	4969904
70.562	4976968
70.662	4983988
70.762	4991216
70.862	4998196
70.962	5005508
71.062	5012844
71.162	5020212
71.262	5027564
71.362	5034920
71.462	5042196
71.562	5049412
71.662	5056712
71.762	5064172
71.862	5071196
71.962	5078832
72.062	5086176
72.162	5093456
72.262	5101096
72.362	5108432
72.462	5115796
72.562	5123876
72.662	5131584
72.762	5139380
72.863	5147192
72.963	5155108
73.063	5162888
73.163	5170688
73.263	5178800
73.363	5187184
73.463	5195676
73.563	5204344
73.663	5213272
73.763	5222024
73.863	5231140
73.963	5240260
74.063	5249320
74.163	5258584
74.263	5267632
74.363	5277052
74.463	5286412
74.563	5295776
74.663	5304776
74.763	5313792
74.863	5322828
74.963	5331276
75.063	5339992
75.163	5348292
75.263	5356596
75.363	5364852
75.463	5372768
75.563	5381244
75.663	5389296
75.763	5397432
75.863	5405376
75.963	5413672
76.063	5422032
76.163	5430020
76.263	5437868
76.363	5446548
76.463	5455108
76.563	5463664
76.663	5472376
76.763	5481236
76.863	5489396
76.963	5498192
77.063	5507104
77.163	5516000
77.263	5524924
77.363	5533876
77.463	5542852
77.563	5551740
77.663	5560808
77.763	5569624
77.863	5578464
77.963	5586996
78.063	5595644
78.163	5603856
78.263	5612756
78.363	5623464
78.463	5633384
78.563	5643656
78.663	5653472
78.763	5663592
78.863	5673284
78.963	5683444
79.063	5693344
79.163	5703988
79.263	5714056
79.363	5724548
79.463	5734928
79.563	5744988
79.663	5755360
79.763	5765488
79.863	5775832
79.963	5786104
80.063	5796468
80.163	5806804
80.264	5817272
80.364	5827620
80.464	5838048
80.564	5848696
80.664	5859384
80.764	5869972
80.864	5880172
80.964	5890336
81.064	5900560
81.164	5910652
81.264	5920808
81.364	5930796
81.464	5940352
81.564	5949984
81.664	5959944
81.764	5969812
81.864	5979808
81.964	5989432
82.064	5999356
82.164	6009392
82.264	6019676
82.364	6029832
82.464	6040332
82.564	6050824
82.664	6061224
82.764	6071768
82.864	6081640
82.964	6091708
83.064	6101928
83.164	6111636
83.264	6120992
83.364	6130588
83.464	6140200
83.564	6149116
83.664	6158200
83.764	6167184
83.864	6176080
83.964	6185360
84.064	6194560
84.164	6203508
84.264	6212276
84.364	6221352
84.464	6230424
84.564	6239456
84.664	6248524
84.764	6257676
84.864	6267184
84.964	6276724
85.064	6286492
85.164	6296596
85.264	6307488
85.364	6318152
85.464	6328712
85.564	6339560
85.664	6349940
85.764	6360356
85.864	6370508
85.964	6380204
86.064	6390092
86.164	6399636
86.264	6409300
86.364	6419152
86.464	6429236
86.564	6438664
86.664	6448220
86.764	6457848
86.864	6467196
86.964	6476432
87.064	6485668
87.164	6494968
87.264	6504280
87.364	6514028
87.464	6523408
87.564	6532632
87.665	6542236
87.765	6551932
87.865	6561168
87.965	6570676
88.065	6580444
88.165	6590144
88.265	6599572
88.365	6609372
88.465	6619332
88.565	6629184
88.665	6638880
88.765	6648440
88.865	6657900
88.965	6667592
89.065	6677340
89.165	6686892
89.265	6696280
89.365	6705944
89.465	6716012
89.565	6725872
89.665	6735396
89.765	6745644
89.865	6755968
89.965	6766276
90.065	6776772
90.165	6787224
90.265	6797784
90.365	6808640
90.465	6819296
90.565	6830104
90.665	6840344
90.765	6850796
90.865	6861184
90.965	6871592
91.065	6882172
91.165	6892936
91.265	6904100
91.365	6914784
91.465	6925144
91.565	6935756
91.665	6946348
91.765	6957204
91.865	6967960
91.965	6978532
92.065	6988776
92.165	6999160
92.265	7010476
92.365	7021880
92.465	7033868
92.565	7045772
92.665	7056952
92.765	7068792
92.865	7080600
92.965	7091976
93.065	7103440
93.165	7115048
93.265	7126876
93.365	7138528
93.465	7150156
93.565	7161588
93.665	7173440
93.765	7185392
93.865	7197240
93.965	7209960
94.065	7222240
94.165	7234604
94.265	7246808
94.365	7258900
94.465	7271112
94.565	7283068
94.665	7295096
94.765	7306824
94.865	7318632
94.966	7330488
95.066	7342620
95.166	7354736
95.266	7366880
95.366	7379512
95.466	7392124
95.566	7404840
95.666	7417480
95.766	7429688
95.866	7441932
95.966	7454288
96.066	7466520
96.166	7478856
96.266	7490684
96.366	7502800
96.466	7514756
96.566	7526840
96.666	7538336
96.766	7549668
96.866	7561952
96.966	7574304
97.066	7586068
97.166	7597580
97.266	7609688
97.366	7621692
97.466	7634732
97.566	7650052
97.666	7669356
97.766	7693584
97.866	7723208
97.966	7755992
98.066	7790764
98.166	7823784
98.266	7855432
98.366	7885096
98.466	7911004
98.566	7932984
98.666	7952656
98.766	7970496
98.866	7987876
98.966	8004584
99.066	8020240
99.166	8035212
99.266	8049792
99.366	8064348
99.466	8078900
99.566	8092876
99.666	8106028
99.766	8118300
99.866	8130380
99.966	8142740
100.066	8158616
100.166	8176124
100.266	8191392
100.366	8205776
100.466	8220036
100.566	8234080
100.666	8248756
100.766	8262668
100.866	8276756
100.966	8290820
101.066	8305140
101.166	8319400
101.266	8333716
101.366	8347596
101.466	8361592
101.566	8375460
101.666	8389272
101.766	8403364
101.866	8417776
101.966	8431732
102.066	8446116
102.166	8460324
102.266	8474360
102.367	8488984
102.467	8504108
102.567	8519080
102.667	8533952
102.767	8549028
102.867	8564328
102.967	8579096
103.067	8593936
103.167	8609172
103.267	8624384
103.367	8639708
103.467	8654820
103.567	8670088
103.667	8685380
103.767	8700652
103.867	8716032
103.967	8731644
104.067	8746472
104.167	8761560
104.267	8776608
104.367	8791724
104.467	8807008
104.567	8822280
104.667	8837600
104.767	8853744
104.867	8869832
104.967	8885920
105.067	8902484
105.167	8918664
105.267	8934532
105.367	8950080
105.467	8966540
105.567	8982604
105.667	8998664
105.767	9015492
105.867	9032236
105.967	9049132
106.067	9065916
106.167	9082832
106.267	9098944
106.367	9115756
106.467	9131656
106.567	9147556
106.667	9163944
106.767	9180156
106.867	9196432
106.967	9212596
107.067	9229212
107.167	9245676
107.267	9262028
107.367	9278424
107.467	9294784
107.567	9310544
107.667	9326704
107.767	9342652
107.867	9358828
107.967	9375044
108.067	9391216
108.167	9406836
108.267	9422796
108.367	9438584
108.467	9453968
108.567	9469700
108.667	9485420
108.767	9501112
108.867	9516708
108.967	9532204
109.067	9547508
109.167	9562508
109.267	9577616
109.367	9592728
109.467	9617632
109.567	9652492
109.667	9680056
109.768	9700152
109.868	9717968
109.968	9735444
110.068	9752736
110.168	9770236
110.268	9787068
110.368	9803156
110.468	9819596
110.568	9836096
110.668	9852820
110.768	9869044
110.868	9885224
110.968	9901616
111.068	9918028
111.168	9933932
111.268	9950108
111.368	9966912
111.468	9983696
111.568	9999804
111.668	10016336
111.768	10032988
111.868	10049424
111.968	10066320
112.068	10082240
112.168	10098448
112.268	10114872
112.368	10131104
112.468	10147084
112.568	10162808
112.668	10178952
112.768	10194464
112.868	10210480
112.968	10226268
113.068	10242016
113.168	10257716
113.268	10273612
113.368	10289464
113.468	10305912
113.568	10321944
113.668	10337872
113.768	10353388
113.868	10368764
113.968	10384632
114.068	10400464
114.168	10415744
114.268	10432060
114.368	10447680
114.468	10463544
114.568	10479224
114.668	10494652
114.768	10510380
114.868	10526100
114.968	10541944
115.068	10557664
115.168	10573716
115.268	10589580
115.368	10605364
115.468	10621216
115.568	10637216
115.668	10652872
115.768	10668632
115.868	10684804
115.968	10701448
116.068	10717852
116.168	10734132
116.268	10750756
116.368	10767228
116.468	10783416
116.568	10799592
116.668	10815392
116.768	10831644
116.868	10848156
116.968	10863988
117.068	10879928
117.169	10896536
117.269	10912544
117.369	10928672
117.469	10945212
117.569	10961092
117.669	10977344
117.769	10993412
117.869	11009460
117.969	11025708
118.069	11041584
118.169	11057232
118.269	11072900
118.369	11088808
118.469	11104652
118.569	11119892
118.669	11135628
118.769	11151484
118.869	11167136
118.969	11182576
119.069	11198384
119.169	11213896
119.269	11228864
119.369	11244232
119.469	11259804
119.569	11274804
119.669	11290044
119.769	11305004
119.869	11320016
119.969	11335060
120.069	11350220
120.169	11365112
120.269	11380368
120.369	11395612
120.469	11410536
120.569	11425956
120.669	11440836
120.769	11455840
120.869	11470532
120.969	11485296
121.069	11499904
121.169	11514424
121.269	11529352
121.369	11544076
121.469	11558660
121.569	11573024
121.669	11588000
121.769	11602596
121.869	11617260
121.969	11632412
122.069	11646992
122.169	11661716
122.269	11676720
122.369	11691536
122.469	11705620
122.569	11720440
122.669	11734704
122.769	11748844
122.869	11763216
122.969	11777648
123.069	11792412
123.169	11806332
123.269	11820472
123.369	11835004
123.469	11849292
123.569	11863368
123.669	11877728
123.769	11891636
123.869	11905740
123.969	11919820
124.069	11934224
124.169	11948052
124.269	11962400
124.369	11976704
124.469	11990600
124.570	12004648
124.670	12018760
124.770	12032540
124.870	12046308
124.970	12060256
125.070	12074104
125.170	12087896
125.270	12102200
125.370	12116244
125.470	12130620
125.570	12145184
125.670	12159412
125.770	12173640
125.870	12187756
125.970	12202144
126.070	12216524
126.170	12230928
126.270	12245360
126.370	12259736
126.470	12274444
126.570	12288848
126.670	12303448
126.770	12317372
126.870	12331136
126.970	12345044
127.070	12359088
127.170	12372916
127.270	12386380
127.370	12399984
127.470	12413476
127.570	12427100
127.670	12440432
127.770	12453912
127.870	12467080
127.970	12480472
128.070	12493848
128.170	12507156
128.270	12520048
128.370	12532968
128.470	12546220
128.570	12559180
128.670	12572036
128.770	12585404
128.870	12598840
128.970	12611960
129.070	12625676
129.170	12639048
129.270	12652660
129.370	12665960
129.470	12679440
129.570	12693084
129.670	12706784
129.770	12720080
129.870	12733172
129.970	12746960
130.070	12760540
130.170	12773984
130.270	12787580
130.370	12800920
130.470	12814812
130.570	12828764
130.670	12842124
130.770	12855376
130.870	12868784
130.970	12882264
131.070	12896092
131.170	12909736
131.270	12923512
131.370	12937192
131.470	12950936
131.570	12964808
131.670	12978176
131.770	12992012
131.870	13005908
131.971	13019676
132.071	13033256
132.171	13046884
132.271	13060696
132.371	13074696
132.471	13088648
132.571	13102676
132.671	13116472
132.771	13130000
132.871	13143784
132.971	13157396
133.071	13171056
133.171	13184768
133.271	13198416
133.371	13212384
133.471	13225940
133.571	13239276
133.671	13252592
133.771	13266012
133.871	13279624
133.971	13292736
134.071	13306244
134.171	13319728
134.271	13333712
134.371	13347112
134.471	13360444
134.571	13373800
134.671	13387308
134.771	13400864
134.871	13413752
134.971	13427148
135.071	13440400
135.171	13453748
135.271	13467128
135.371	13480124
135.471	13492944
135.571	13505952
135.671	13518920
135.771	13531904
135.871	13545196
135.971	13557648
136.071	13570816
136.171	13583324
136.271	13596280
136.371	13608604
136.471	13621284
136.571	13633816
136.671	13646396
136.771	13659000
136.871	13671324
136.971	13683788
137.071	13696008
137.171	13708480
137.271	13720720
137.371	13732996
137.471	13745344
137.571	13757824
137.671	13770368
137.771	13782880
137.871	13795292
137.971	13808112
138.071	13820608
138.171	13832732
138.271	13845060
138.371	13857968
138.471	13870332
138.571	13882884
138.671	13895048
138.771	13907264
138.871	13919544
138.971	13932072
139.071	13944284
139.171	13956676
139.271	13968884
139.372	13981216
139.472	13993588
139.572	14005852
139.672	14018112
139.772	14030532
139.872	14043060
139.972	14055276
140.072	14067772
140.172	14080564
140.272	14092692
140.372	14105188
140.472	14117652
140.572	14130196
140.672	14143092
140.772	14156040
140.872	14169132
140.972	14181816
141.072	14194440
141.172	14207816
141.272	14220856
141.372	14233720
141.472	14246444
141.572	14259324
141.672	14272240
141.772	14285088
141.872	14298168
141.972	14310700
142.072	14323292
142.172	14336284
142.272	14348984
142.372	14361532
142.472	14374448
142.572	14387164
142.672	14399636
142.772	14412804
142.872	14425472
142.972	14438116
143.072	14451004
143.172	14463824
143.272	14476828
143.372	14490084
143.472	14503132
143.572	14516072
143.672	14529200
143.772	14542476
143.872	14555584
143.972	14568808
144.072	14581640
144.172	14594792
144.272	14607556
144.372	14620548
144.472	14633860
144.572	14646820
144.672	14659616
144.772	14672796
144.872	14685548
144.972	14698620
145.072	14711736
145.172	14724552
145.272	14737640
145.372	14750608
145.472	14763388
145.572	14776148
145.672	14788968
145.772	14801716
145.872	14814584
145.972	14827372
146.072	14840580
146.172	14854248
146.272	14867112
146.372	14879952
146.472	14892672
146.572	14905144
146.672	14917432
146.773	14930072
146.873	14942644
146.973	14954960
147.073	14967656
147.173	14979992
147.273	14991860
147.373	15004304
147.473	15016908
147.573	15029176
147.673	15041696
147.773	15054176
147.873	15066404
147.973	15078728
148.073	15091288
148.173	15104036
148.273	15116556
148.373	15128972
148.473	15141000
148.573	15153344
148.673	15166012
148.773	15178372
148.873	15191016
148.973	15203216
149.073	15215944
149.173	15228808
149.273	15241156
149.373	15253632
149.473	15266376
149.573	15278992
149.673	15291940
149.773	15304468
149.873	15317448
149.973	15330188
150.073	15342816
150.173	15355900
150.273	15368800
150.373	15381780
150.473	15394564
150.573	15407148
150.673	15419760
150.773	15432520
150.873	15445528
150.973	15458200
151.073	15470996
151.173	15483728
151.273	15496508
151.373	15509196
151.473	15521580
151.573	15534476
151.673	15547104
151.773	15560172
151.873	15573164
151.973	15585660
152.073	15598648
152.173	15611660
152.273	15624400
152.373	15637528
152.473	15649984
152.573	15662856
152.673	15675728
152.773	15688664
152.873	15701896
152.973	15714900
153.073	15727700
153.173	15740656
153.273	15753904
153.373	15766700
153.473	15779884
153.573	15793084
153.673	15806360
153.773	15819132
153.873	15832352
153.973	15845264
154.073	15858188
154.174	15871744
154.274	15884828
154.374	15898568
154.474	15912168
154.574	15925452
154.674	15938356
154.774	15951504
154.874	15964700
154.974	15978168
155.074	15991320
155.174	16004172
155.274	16016816
155.374	16029832
155.474	16042888
155.574	16055500
155.674	16068460
155.774	16081256
155.874	16094000
155.974	16107044
156.074	16119940
156.174	16133028
156.274	16146172
156.374	16159404
156.474	16172496
156.574	16185520
156.674	16198784
156.774	16212352
156.874	16225824
156.974	16238984
157.074	16252084
157.174	16265380
157.274	16279240
157.374	16292620
157.474	16305408
157.574	16318156
157.674	16330984
157.774	16344032
157.874	16356864
157.974	16370100
158.074	16383396
158.174	16396076
158.274	16409440
158.374	16422496
158.474	16435096
158.574	16448068
158.674	16460652
158.774	16473360
158.874	16486056
158.974	16498592
159.074	16511336
159.174	16523928
159.274	16536640
159.374	16549284
159.474	16561848
159.574	16574464
159.674	16587008
159.774	16599640
159.874	16611956
159.974	16624188
160.074	16636512
160.174	16649288
160.274	16661728
160.374	16674072
160.474	16686300
160.574	16698424
160.674	16710792
160.774	16722792
160.874	16735372
160.974	16747920
161.074	16760312
161.174	16772808
161.274	16784876
161.374	16797564
161.474	16810112
161.575	16822780
161.675	16835204
161.775	16847696
161.875	16860280
161.975	16872784
162.075	16885388
162.175	16897688
162.275	16910236
162.375	16922392
162.475	16934732
162.575	16947348
162.675	16959612
162.775	16972656
162.875	16985088
162.975	16997284
163.075	17010116
163.175	17022324
163.275	17034940
163.375	17047924
163.475	17061360
163.575	17074160
163.675	17087008
163.775	17099800
163.875	17112504
163.975	17124780
164.075	17137524
164.175	17149868
164.275	17162216
164.375	17174408
164.475	17186780
164.575	17198972
164.675	17211236
164.775	17223692
164.875	17236496
164.975	17248524
165.075	17260788
165.175	17273480
165.275	17286112
165.375	17298712
165.475	17311212
165.575	17323924
165.675	17336584
165.775	17348916
165.875	17361380
165.975	17373992
166.075	17386400
166.175	17398628
166.275	17411260
166.375	17424116
166.475	17436424
166.575	17448900
166.675	17461440
166.775	17474000
166.875	17486356
166.975	17498872
167.075	17510728
167.175	17523196
167.275	17535676
167.375	17547796
167.475	17560136
167.575	17572384
167.675	17584340
167.775	17596848
167.875	17609528
167.975	17621752
168.075	17634172
168.175	17646332
168.275	17659016
168.375	17671556
168.475	17683788
168.575	17695912
168.675	17708952
168.775	17721544
168.875	17734088
168.976	17746916
169.076	17759776
169.176	17772592
169.276	17785448
169.376	17798076
169.476	17811184
169.576	17824276
169.676	17837232
169.776	17850088
169.876	17862844
169.976	17875352
170.076	17888188
170.176	17900832
170.276	17913376
170.376	17925940
170.476	17938764
170.576	17951672
170.676	17964020
170.776	17976764
170.876	17989268
170.976	18002384
171.076	18014920
171.176	18027656
171.276	18040984
171.376	18054096
171.476	18067092
171.576	18080688
171.676	18093988
171.776	18107508
171.876	18120472
171.976	18133372
172.076	18146536
172.176	18159664
172.276	18173032
172.376	18186224
172.476	18199280
172.576	18212420
172.676	18225716
172.776	18238800
172.876	18251880
172.976	18265088
173.076	18278400
173.176	18291564
173.276	18304600
173.376	18317976
173.476	18330888
173.576	18344224
173.676	18357160
173.776	18370412
173.876	18384068
173.976	18397828
174.076	18411240
174.176	18424344
174.276	18437008
174.376	18449868
174.476	18462404
174.576	18475460
174.676	18488156
174.776	18500968
174.876	18513552
174.976	18526440
175.076	18539256
175.176	18551948
175.276	18564920
175.376	18578076
175.476	18591320
175.576	18604244
175.676	18616968
175.776	18629992
175.876	18642748
175.976	18655736
176.076	18668468
176.176	18681672
176.277	18694024
176.377	18706408
176.477	18719588
176.577	18732416
176.677	18745304
176.777	18758172
176.877	18771168
176.977	18783960
177.077	18797332
177.177	18810000
177.277	18822992
177.377	18835636
177.477	18848520
177.577	18861480
177.677	18874516
177.777	18887640
177.877	18900504
177.977	18912932
178.077	18926000
178.177	18938404
178.277	18950888
178.377	18963728
178.477	18976616
178.577	18989352
178.677	19002336
178.777	19015040
178.877	19027568
178.977	19040072
179.077	19053136
179.177	19066112
179.277	19078964
179.377	19091768
179.477	19104592
179.577	19117420
179.677	19130568
179.777	19143944
179.877	19156804
179.977	19169696
180.077	19183268
180.177	19196376
180.277	19210040
180.377	19223588
180.477	19237120
180.577	19250868
180.677	19264380
180.777	19277952
180.877	19291520
180.977	19304692
181.077	19317984
181.177	19331060
181.277	19344464
181.377	19357744
181.477	19371336
181.577	19384860
181.677	19397648
181.777	19411456
181.877	19424832
181.977	19438080
182.077	19452020
182.177	19465772
182.277	19478920
182.377	19492616
182.477	19506388
182.577	19519888
182.677	19533364
182.777	19546548
182.877	19560276
182.977	19573912
183.077	19587704
183.177	19601252
183.277	19614884
183.377	19628588
183.477	19642472
183.577	19655920
183.678	19669748
183.778	19683056
183.878	19696732
183.978	19710152
184.078	19723560
184.178	19737292
184.278	19750764
184.378	19764828
184.478	19778168
184.578	19791480
184.678	19804892
184.778	19818324
184.878	19831560
184.978	19845104
185.078	19858704
185.178	19872096
185.278	19885812
185.378	19899472
185.478	19913084
185.578	19926432
185.678	19940100
185.778	19953820
185.878	19967248
185.978	19980536
186.078	19994248
186.178	20008176
186.278	20021372
186.378	20034676
186.478	20048280
186.578	20062000
186.678	20075344
186.778	20088868
186.878	20102624
186.978	20116104
187.078	20129740
187.178	20143284
187.278	20157084
187.378	20171324
187.478	20185084
187.578	20198768
187.678	20212348
187.778	20226136
187.878	20240136
187.978	20253740
188.078	20267872
188.178	20281568
188.278	20295472
188.378	20309808
188.478	20323516
188.578	20337496
188.678	20351212
188.778	20364488
188.878	20378060
188.978	20391116
189.078	20404792
189.178	20417740
189.278	20431244
189.378	20444660
189.478	20458248
189.578	20471560
189.678	20484840
189.778	20497896
189.878	20511364
189.978	20524988
190.078	20538200
190.178	20551620
190.278	20565156
190.378	20578484
190.478	20592200
190.578	20606084
190.678	20619780
190.778	20633000
190.878	20646516
190.978	20660120
191.079	20673900
191.179	20687204
191.279	20700640
191.379	20714168
191.479	20727852
191.579	20741736
191.679	20755464
191.779	20769264
191.879	20782944
191.979	20797028
192.079	20810984
192.179	20824592
192.279	20838704
192.379	20852592
192.479	20866588
192.579	20880440
192.679	20894532
192.779	20908516
192.879	20922480
192.979	20936980
193.079	20951272
193.179	20966024
193.279	20980516
193.379	20994744
193.479	21008940
193.579	21022908
193.679	21037352
193.779	21051688
193.879	21065820
193.979	21079964
194.079	21094292
194.179	21108380
194.279	21122776
194.379	21137704
194.479	21152376
194.579	21167552
194.679	21182056
194.779	21196836
194.879	21211728
194.979	21226752
195.079	21241320
195.179	21256116
195.279	21270456
195.379	21285320
195.479	21299632
195.579	21314744
195.679	21328848
195.779	21342984
195.879	21357072
195.979	21370800
196.079	21385312
196.179	21399180
196.279	21413364
196.379	21427232
196.479	21440904
196.579	21455064
196.679	21469420
196.779	21483116
196.879	21496820
196.979	21510460
197.079	21524280
197.179	21538100
197.279	21551948
197.379	21565724
197.479	21579024
197.579	21592644
197.679	21606372
197.779	21620200
197.879	21634000
197.979	21647756
198.079	21661016
198.179	21674672
198.279	21688284
198.379	21701768
198.480	21715464
198.580	21729232
198.680	21742868
198.780	21756632
198.880	21770160
198.980	21784312
199.080	21798136
199.180	21812140
199.280	21825332
199.380	21838912
199.480	21852516
199.580	21865852
199.680	21878704
199.780	21892248
199.880	21905212
199.980	21918504
200.080	21931812
200.180	21944788
200.280	21957820
200.380	21971388
200.480	21984784
200.580	21997752
200.680	22010848
200.780	22023368
200.880	22036608
200.980	22049740
201.080	22062556
201.180	22075560
201.280	22088452
201.380	22100832
201.480	22113620
201.580	22126744
201.680	22139976
201.780	22152716
201.880	22165820
201.980	22178728
202.080	22191920
202.180	22204912
202.280	22218032
202.380	22230904
202.480	22244080
202.580	22257072
202.680	22270016
202.780	22283224
202.880	22296620
202.980	22309996
203.080	22323320
203.180	22336452
203.280	22350164
203.380	22363860
203.480	22377528
203.580	22391160
203.680	22404760
203.780	22418672
203.880	22432884
203.980	22446248
204.080	22460072
204.180	22473248
204.280	22486792
204.380	22500252
204.480	22513344
204.580	22526844
204.680	22540128
204.780	22553448
204.880	22567152
204.980	22580832
205.080	22594560
205.180	22608336
205.280	22621988
205.380	22635544
205.480	22648812
205.580	22662600
205.680	22676696
205.780	22690248
205.881	22704160
205.981	22717996
206.081	22731540
206.181	22745548
206.281	22759556
206.381	22773312
206.481	22787104
206.581	22801116
206.681	22815300
206.781	22829268
206.881	22843016
206.981	22857008
207.081	22871060
207.181	22885112
207.281	22898800
207.381	22912672
207.481	22926044
207.581	22939940
207.681	22954220
207.781	22968232
207.881	22982256
207.981	22996180
208.081	23009756
208.181	23023588
208.281	23037444
208.381	23051492
208.481	23065264
208.581	23079320
208.681	23093056
208.781	23107140
208.881	23120892
208.981	23135012
209.081	23148640
209.181	23162428
209.281	23176220
209.381	23190292
209.481	23204208
209.581	23218080
209.681	23231696
209.781	23246068
209.881	23260020
209.981	23273936
210.081	23288120
210.181	23302880
210.281	23317212
210.381	23331716
210.481	23346480
210.581	23360648
210.681	23375376
210.781	23390312
210.881	23404648
210.981	23419132
211.081	23433504
211.181	23447592
211.281	23462028
211.381	23476644
211.481	23491020
211.581	23505256
211.681	23519696
211.781	23534268
211.881	23548772
211.981	23563084
212.081	23577052
212.181	23591116
212.281	23605336
212.381	23619232
212.481	23632940
212.581	23646572
212.681	23660732
212.781	23673968
212.881	23687776
212.981	23701676
213.081	23715192
213.181	23728724
213.282	23742460
213.382	23756380
213.482	23769704
213.582	23783288
213.682	23797068
213.782	23810556
213.882	23824216
213.982	23837480
214.082	23850916
214.182	23864364
214.282	23877688
214.382	23891020
214.482	23904692
214.582	23918076
214.682	23931444
214.782	23944920
214.882	23958028
214.982	23971860
215.082	23984852
215.182	23998528
215.282	24011860
215.382	24025824
215.482	24039264
215.582	24052512
215.682	24066072
215.782	24079400
215.882	24093028
215.982	24106528
216.082	24119836
216.182	24133480
216.282	24146672
216.382	24159880
216.482	24172888
216.582	24186136
216.682	24199416
216.782	24212400
216.882	24225880
216.982	24238896
217.082	24252160
217.182	24265656
217.282	24278692
217.382	24292092
217.482	24305316
217.582	24318672
217.682	24332084
217.782	24345420
217.882	24358824
217.982	24372228
218.082	24385736
218.182	24399172
218.282	24412484
218.382	24426104
218.482	24439504
218.582	24453248
218.682	24467096
218.782	24480472
218.882	24493960
218.982	24507304
219.082	24520884
219.182	24534428
219.282	24548300
219.382	24561624
219.482	24574928
219.582	24588448
219.682	24601964
219.782	24615664
219.882	24629132
219.982	24642784
220.082	24656328
220.182	24670008
220.282	24683420
220.382	24696824
220.482	24710376
220.582	24723824
220.683	24737572
220.783	24751300
220.883	24764776
220.983	24778292
221.083	24791660
221.183	24804856
221.283	24818736
221.383	24832340
221.483	24845768
221.583	24859368
221.683	24873356
221.783	24886720
221.883	24899916
221.983	24913552
222.083	24926972
222.183	24940088
222.283	24953216
222.383	24966304
222.483	24979456
222.583	24992784
222.683	25005828
222.783	25018872
222.883	25031544
222.983	25044268
223.083	25057032
223.183	25069780
223.283	25083252
223.383	25096468
223.483	25109440
223.583	25122380
223.683	25135536
223.783	25148524
223.883	25161536
223.983	25174532
224.083	25187260
224.183	25200292
224.283	25212988
224.383	25226108
224.483	25239160
224.583	25252216
224.683	25265092
224.783	25277596
224.883	25290368
224.983	25303548
225.083	25315808
225.183	25329084
225.283	25341932
225.383	25355140
225.483	25367684
225.583	25380440
225.683	25393228
225.783	25406548
225.883	25419752
225.983	25432568
226.083	25445168
226.183	25458048
226.283	25470916
226.383	25483656
226.483	25496416
226.583	25509568
226.683	25521920
226.783	25534920
226.883	25547596
226.983	25560460
227.083	25572760
227.183	25585576
227.283	25598388
227.383	25611312
227.483	25623828
227.583	25636468
227.683	25649136
227.783	25661712
227.883	25674696
227.983	25688064
228.084	25700896
228.184	25713612
228.284	25726480
228.384	25739392
228.484	25752212
228.584	25765040
228.684	25778144
228.784	25791052
228.884	25803920
228.984	25816704
229.084	25829812
229.184	25842676
229.284	25855240
229.384	25868148
229.484	25881176
229.584	25893624
229.684	25906432
229.784	25919380
229.884	25932176
229.984	25945004
230.084	25957352
230.184	25969912
230.284	25982252
230.384	25994928
230.484	26007596
230.584	26020400
230.684	26032924
230.784	26045712
230.884	26058212
230.984	26070704
231.084	26083600
231.184	26096408
231.284	26109140
231.384	26121808
231.484	26134456
231.584	26147024
231.684	26160212
231.784	26172980
231.884	26185644
231.984	26198188
232.084	26210604
232.184	26223512
232.284	26236524
232.384	26249452
232.484	26262084
232.584	26274756
232.684	26287464
232.784	26300316
232.884	26312720
232.984	26325132
233.084	26337924
233.184	26350620
233.284	26363172
233.384	26376040
233.484	26388532
233.584	26401284
233.684	26414168
233.784	26426388
233.884	26439096
233.984	26451708
234.084	26464184
234.184	26476672
234.284	26488976
234.384	26501720
234.484	26514384
234.584	26526904
234.684	26539108
234.784	26551664
234.884	26564420
234.984	26576792
235.084	26589236
235.184	26601852
235.284	26614696
235.384	26627148
235.485	26639616
235.585	26652224
235.685	26665004
235.785	26677644
235.885	26690560
235.985	26703448
236.085	26716376
236.185	26729076
236.285	26741692
236.385	26754692
236.485	26767652
236.585	26780756
236.685	26793560
236.785	26806560
236.885	26819316
236.985	26832612
237.085	26845548
237.185	26858680
237.285	26871568
237.385	26884352
237.485	26897148
237.585	26909976
237.685	26923204
237.785	26935932
237.885	26948552
237.985	26961220
238.085	26974364
238.185	26987188
238.285	27000308
238.385	27013320
238.485	27026240
238.585	27039236
238.685	27052424
238.785	27065300
238.885	27078200
238.985	27091272
239.085	27104368
239.185	27117460
239.285	27130192
239.385	27143216
239.485	27155900
239.585	27168968
239.685	27182252
239.785	27195128
239.885	27208028
239.985	27221168
240.085	27234040
240.185	27246992
240.285	27260052
240.385	27273048
240.485	27286216
240.585	27299296
240.685	27312108
240.785	27324820
240.885	27337944
240.985	27350828
241.085	27363728
241.185	27376948
241.285	27389788
241.385	27402540
241.485	27415656
241.585	27428992
241.685	27441852
241.785	27454828
241.885	27467988
241.985	27481548
242.085	27494644
242.185	27507720
242.285	27520548
242.385	27533552
242.485	27546580
242.585	27559884
242.685	27573376
242.785	27586708
242.886	27599712
242.986	27613136
243.086	27626124
243.186	27639088
243.286	27652104
243.386	27665080
243.486	27678104
243.586	27690604
243.686	27703676
243.786	27716672
243.886	27729496
243.986	27742500
244.086	27755656
244.186	27768292
244.286	27781188
244.386	27794204
244.486	27806968
244.586	27820424
244.686	27833740
244.786	27847136
244.886	27860424
244.986	27873640
245.086	27886880
245.186	27900180
245.286	27913168
245.386	27926504
245.486	27939588
245.586	27953116
245.686	27966392
245.786	27979696
245.886	27993048
245.986	28006624
246.086	28020300
246.186	28033552
246.286	28046396
246.386	28059864
246.486	28073024
246.586	28086332
246.686	28099484
246.786	28112956
246.886	28126092
246.986	28139412
247.086	28152816
247.186	28165880
247.286	28179508
247.386	28192876
247.486	28205996
247.586	28219472
247.686	28232580
247.786	28245908
247.886	28259312
247.986	28272988
248.086	28286308
248.186	28299480
248.286	28313208
248.386	28326540
248.486	28339744
248.586	28353256
248.686	28366420
248.786	28379956
248.886	28393048
248.986	28406484
249.086	28419908
249.186	28433592
249.286	28446836
249.386	28460284
249.486	28474192
249.586	28487492
249.686	28500948
249.786	28514296
249.886	28527756
249.986	28540844
250.086	28554452
250.186	28567956
250.287	28581692
250.387	28595528
250.487	28609012
250.587	28622988
250.687	28636880
250.787	28650724
250.887	28664752
250.987	28678424
251.087	28692588
251.187	28706720
251.287	28720704
251.387	28734220
251.487	28748228
251.587	28762332
251.687	28776000
251.787	28790292
251.887	28804048
251.987	28818092
252.087	28832140
252.187	28846432
252.287	28860616
252.387	28874600
252.487	28888976
252.587	28903108
252.687	28917540
252.787	28932048
252.887	28946592
252.987	28961140
253.087	28975836
253.187	28990256
253.287	29004748
253.387	29019072
253.487	29033808
253.587	29048744
253.687	29063732
253.787	29078476
253.887	29093708
253.987	29108272
254.087	29123368
254.187	29138176
254.287	29152608
254.387	29167416
254.487	29181824
254.587	29196940
254.687	29211964
254.787	29227064
254.887	29242136
254.987	29257188
255.087	29272104
255.187	29287276
255.287	29301576
255.387	29315744
255.487	29330500
255.587	29345292
255.687	29360152
255.787	29375336
255.887	29390672
255.987	29405840
256.087	29421088
256.187	29436340
256.287	29451184
256.387	29466364
256.487	29480864
256.587	29495264
256.687	29509544
256.787	29523824
256.887	29538532
256.987	29552728
257.087	29566940
257.187	29581280
257.287	29595700
257.387	29610288
257.487	29624608
257.587	29638880
257.688	29653668
257.788	29668424
257.888	29682652
257.988	29697736
258.088	29712340
258.188	29728976
258.288	29745260
258.388	29760468
258.488	29775856
258.588	29791432
258.688	29806564
258.788	29821324
258.888	29835760
258.988	29850212
259.088	29865112
259.188	29879888
259.288	29894500
259.388	29909372
259.488	29924264
259.588	29939048
259.688	29953896
259.788	29968804
259.888	29983660
259.988	29998448
260.088	30013244
260.188	30028044
260.288	30042984
260.388	30057652
260.488	30072856
260.588	30088116
260.688	30104032
260.788	30119436
260.888	30134708
260.988	30149844
261.088	30165300
261.188	30180196
261.288	30195468
261.388	30210372
261.488	30225548
261.588	30240796
261.688	30256008
261.788	30270608
261.888	30285748
261.988	30300704
262.088	30316020
262.188	30331448
262.288	30346832
262.388	30361876
262.488	30376924
262.588	30391652
262.688	30406700
262.788	30421864
262.888	30436872
262.988	30451568
263.088	30466632
263.188	30481232
263.288	30495980
263.388	30510524
263.488	30525100
263.588	30539648
263.688	30554340
263.788	30569044
263.888	30583972
263.988	30598728
264.088	30613212
264.188	30627788
264.288	30642172
264.388	30656688
264.488	30671300
264.588	30686252
264.688	30700796
264.788	30715456
264.888	30729672
264.989	30744304
265.089	30759068
265.189	30773968
265.289	30789220
265.389	30804268
265.489	30819424
265.589	30834600
265.689	30849708
265.789	30864736
265.889	30879928
265.989	30894832
266.089	30909204
266.189	30923872
266.289	30938564
266.389	30953332
266.489	30967760
266.589	30982280
266.689	30997172
266.789	31011624
266.889	31026260
266.989	31040428
267.089	31054720
267.189	31069308
267.289	31083872
267.389	31098192
267.489	31112960
267.589	31127636
267.689	31142152
267.789	31156692
267.889	31171228
267.989	31185928
268.089	31200600
268.189	31214856
268.289	31229584
268.389	31244488
268.489	31259368
268.589	31274564
268.689	31289528
268.789	31304956
268.889	31320036
268.989	31335180
269.089	31350604
269.189	31366112
269.289	31381924
269.389	31396876
269.489	31411916
269.589	31427000
269.689	31442052
269.789	31457448
269.889	31472096
269.989	31487072
270.089	31502320
270.189	31517324
270.289	31532512
270.389	31547772
270.489	31562984
270.589	31577660
270.689	31592904
270.789	31607860
270.889	31622692
270.989	31637452
271.089	31652544
271.189	31668244
271.289	31683628
271.389	31698536
271.489	31713868
271.589	31729108
271.689	31743808
271.789	31758976
271.889	31773816
271.989	31789136
272.089	31804172
272.189	31819272
272.289	31834272
272.390	31849348
272.490	31864404
272.590	31879328
272.690	31894576
272.790	31909092
272.890	31924252
272.990	31939212
273.090	31954228
273.190	31969556
273.290	31984732
273.390	32000148
273.490	32015160
273.590	32030064
273.690	32045328
273.790	32060364
273.890	32075840
273.990	32091520
274.090	32107084
274.190	32122760
274.290	32138332
274.390	32153888
274.490	32169556
274.590	32185240
274.690	32200788
274.790	32216668
274.890	32232692
274.990	32248548
275.090	32263700
275.190	32279212
275.290	32294780
275.390	32310108
275.490	32325464
275.590	32341004
275.690	32357048
275.790	32372860
275.890	32388620
275.990	32404332
276.090	32420072
276.190	32435396
276.290	32451152
276.390	32467008
276.490	32482444
276.590	32498020
276.690	32513288
276.790	32528812
276.890	32544116
276.990	32559504
277.090	32575132
277.190	32590728
277.290	32606348
277.390	32621912
277.490	32637936
277.590	32653700
277.690	32670180
277.790	32685992
277.890	32702708
277.990	32719076
278.090	32735480
278.190	32751660
278.290	32768328
278.390	32784608
278.490	32800796
278.590	32817288
278.690	32833516
278.790	32849712
278.890	32865588
278.990	32881716
279.090	32897960
279.190	32913912
279.290	32929664
279.390	32945356
279.490	32961412
279.590	32977144
279.690	32993352
279.791	33009232
279.891	33025180
279.991	33041132
280.091	33057468
280.191	33073716
280.291	33089724
280.391	33105840
280.491	33121188
280.591	33136740
280.691	33152476
280.791	33168404
280.891	33183796
280.991	33199528
281.091	33215524
281.191	33231048
281.291	33246576
281.391	33262336
281.491	33278444
281.591	33293620
281.691	33309568
281.791	33325196
281.891	33341348
281.991	33356988
282.091	33373280
282.191	33389308
282.291	33404920
282.391	33421156
282.491	33436840
282.591	33452424
282.691	33468208
282.791	33484108
282.891	33499856
282.991	33515880
283.091	33531560
283.191	33546972
283.291	33562196
283.391	33577764
283.491	33593216
283.591	33608760
283.691	33623872
283.791	33639556
283.891	33655968
283.991	33671356
284.091	33686884
284.191	33702296
284.291	33718040
284.391	33734264
284.491	33749924
284.591	33765324
284.691	33781016
284.791	33796504
284.891	33812464
284.991	33828156
285.091	33843924
285.191	33859288
285.291	33875092
285.391	33890788
285.491	33906416
285.591	33922104
285.691	33937940
285.791	33953420
285.891	33969328
285.991	33984596
286.091	34000164
286.191	34015808
286.291	34031256
286.391	34046580
286.491	34062084
286.591	34077292
286.691	34092280
286.791	34107384
286.891	34122644
286.991	34137768
287.091	34153112
287.192	34168196
287.292	34182752
287.392	34197896
287.492	34213152
287.592	34228824
287.692	34243416
287.792	34258516
287.892	34273732
287.992	34288568
288.092	34303728
288.192	34319092
288.292	34334508
288.392	34349644
288.492	34364648
288.592	34379928
288.692	34394768
288.792	34410104
288.892	34425004
288.992	34440264
289.092	34455012
289.192	34469964
289.292	34485148
289.392	34500676
289.492	34515800
289.592	34530836
289.692	34545852
289.792	34561276
289.892	34577116
289.992	34592080
290.092	34607488
290.192	34622252
290.292	34637636
290.392	34653100
290.492	34668184
290.592	34683104
290.692	34698188
290.792	34713160
290.892	34728580
290.992	34743756
291.092	34758764
291.192	34774008
291.292	34789100
291.392	34803724
291.492	34818452
291.592	34833364
291.692	34848292
291.792	34862888
291.892	34877660
291.992	34893008
292.092	34907900
292.192	34923060
292.292	34938032
292.392	34952840
292.492	34968188
292.592	34983524
292.692	34998880
292.792	35014276
292.892	35029528
292.992	35044308
293.092	35059276
293.192	35074108
293.292	35089584
293.392	35104876
293.492	35119768
293.592	35134852
293.692	35149904
293.792	35165128
293.892	35180248
293.992	35194984
294.092	35210068
294.192	35225008
294.292	35240128
294.392	35254924
294.492	35269692
294.593	35284516
294.693	35299356
294.793	35313920
294.893	35328888
294.993	35344012
295.093	35359056
295.193	35374040
295.293	35389212
295.393	35404508
295.493	35419824
295.593	35434900
295.693	35450240
295.793	35465624
295.893	35480804
295.993	35496184
296.093	35511152
296.193	35526968
296.293	35542932
296.393	35558228
296.493	35573628
296.593	35588660
296.693	35604056
296.793	35618812
296.893	35634164
296.993	35649012
297.093	35663808
297.193	35678344
297.293	35693408
297.393	35707860
297.493	35722804
297.593	35737416
297.693	35752052
297.793	35766852
297.893	35781460
297.993	35795808
298.093	35810216
298.193	35824760
298.293	35839500
298.393	35854396
298.493	35868432
298.593	35882816
298.693	35897180
298.793	35911632
298.893	35926456
298.993	35940852
299.093	35955340
299.193	35969916
299.293	35984424
299.393	35998964
299.493	36013492
299.593	36027668
299.693	36042512
299.793	36057180
299.893	36071524
299.993	36086296
300.093	36100908
300.193	36115896
300.293	36130220
300.393	36144428
300.493	36159048
300.593	36173432
300.693	36187928
300.793	36202248
300.893	36216612
300.993	36231008
301.093	36245260
301.193	36259700
301.293	36274316
301.393	36288456
301.493	36302688
301.593	36317056
301.693	36331164
301.793	36345240
301.893	36359584
301.994	36374036
302.094	36388452
302.194	36402560
302.294	36416624
302.394	36430960
302.494	36445196
302.594	36459136
302.694	36473352
302.794	36487592
302.894	36501520
302.994	36515724
303.094	36530036
303.194	36544328
303.294	36558544
303.394	36572688
303.494	36587068
303.594	36601460
303.694	36615564
303.794	36629900
303.894	36644344
303.994	36658868
304.094	36673068
304.194	36687652
304.294	36701876
304.394	36716128
304.494	36730472
304.594	36744536
304.694	36759004
304.794	36773696
304.894	36788180
304.994	36801984
305.094	36816084
305.194	36830684
305.294	36844628
305.394	36859228
305.494	36873368
305.594	36887556
305.694	36902244
305.794	36916608
305.894	36930960
305.994	36945584
306.094	36959236
306.194	36973580
306.294	36987844
306.394	37002120
306.494	37016472
306.594	37030812
306.694	37045300
306.794	37059780
306.894	37073920
306.994	37088048
307.094	37102332
307.194	37117040
307.294	37131280
307.394	37145592
307.494	37159892
307.594	37174096
307.694	37188448
307.794	37202420
307.894	37216764
307.994	37231240
308.094	37245388
308.194	37259488
308.294	37273664
308.394	37288204
308.494	37302512
308.594	37316776
308.694	37331036
308.794	37344748
308.894	37358984
308.994	37373680
309.094	37387824
309.194	37402120
309.294	37416868
309.395	37430936
309.495	37445244
309.595	37459584
309.695	37473860
309.795	37488204
309.895	37502692
309.995	37517156
310.095	37531616
310.195	37546220
310.295	37560760
310.395	37575600
310.495	37590068
310.595	37604416
310.695	37619024
310.795	37633476
310.895	37647828
310.995	37662112
311.095	37676744
311.195	37691480
311.295	37706124
311.395	37720568
311.495	37735372
311.595	37749804
311.695	37763928
311.795	37778672
311.895	37793576
311.995	37807988
312.095	37822284
312.195	37836760
312.295	37851076
312.395	37865664
312.495	37879988
312.595	37894652
312.695	37909304
312.795	37924076
312.895	37938436
312.995	37952828
313.095	37967200
313.195	37981540
313.295	37996284
313.395	38010768
313.495	38025068
313.595	38039216
313.695	38053940
313.795	38068448
313.895	38083232
313.995	38097464
314.095	38111952
314.195	38126344
314.295	38141272
314.395	38155408
314.495	38169852
314.595	38184844
314.695	38200232
314.795	38215368
314.895	38230048
314.995	38244760
315.095	38260012
315.195	38274856
315.295	38289492
315.395	38304208
315.495	38319496
315.595	38333936
315.695	38348992
315.795	38363964
315.895	38378860
315.995	38393816
316.095	38408940
316.195	38423940
316.295	38438660
316.395	38453676
316.495	38468576
316.595	38483712
316.695	38498844
316.796	38514128
316.896	38529436
316.996	38544828
317.096	38560136
317.196	38575720
317.296	38591332
317.396	38607088
317.496	38623372
317.596	38639888
317.696	38655932
317.796	38671892
317.896	38687980
317.996	38704032
318.096	38720064
318.196	38736444
318.296	38752356
318.396	38768336
318.496	38784368
318.596	38800176
318.696	38816292
318.796	38832332
318.896	38848428
318.996	38864496
319.096	38880664
319.196	38896756
319.296	38913332
319.396	38929864
319.496	38946560
319.596	38963312
319.696	38980312
319.796	38997092
319.896	39013708
319.996	39030308
320.096	39047048
320.196	39063788
320.296	39080352
320.396	39096844
320.496	39112956
320.596	39129000
320.696	39144916
320.796	39161220
320.896	39177464
320.996	39193700
321.096	39209736
321.196	39226060
321.296	39242060
321.396	39258000
321.496	39273820
321.596	39289968
321.696	39306040
321.796	39321980
321.896	39337772
321.996	39354124
322.096	39370088
322.196	39385836
322.296	39401724
322.396	39417836
322.496	39433544
322.596	39449408
322.696	39465184
322.796	39481268
322.896	39497040
322.996	39513180
323.096	39528804
323.196	39544620
323.296	39560264
323.396	39576080
323.496	39592372
323.596	39608100
323.696	39623792
323.796	39639156
323.896	39655176
323.996	39671024
324.096	39686628
324.197	39702516
324.297	39718208
324.397	39733560
324.497	39749664
324.597	39764956
324.697	39780544
324.797	39796264
324.897	39812160
324.997	39827808
325.097	39843652
325.197	39859324
325.297	39875096
325.397	39890740
325.497	39906504
325.597	39922280
325.697	39937996
325.797	39953880
325.897	39969724
325.997	39985492
326.097	40001468
326.197	40017524
326.297	40033804
326.397	40049956
326.497	40065804
326.597	40081792
326.697	40097380
326.797	40112964
326.897	40128908
326.997	40144984
327.097	40161180
327.197	40177196
327.297	40193052
327.397	40209112
327.497	40225464
327.597	40241580
327.697	40257688
327.797	40273696
327.897	40289864
327.997	40306052
328.097	40321996
328.197	40338752
328.297	40354904
328.397	40371288
328.497	40387652
328.597	40403848
328.697	40419884
328.797	40436132
328.897	40452228
328.997	40468592
329.097	40485008
329.197	40501108
329.297	40517268
329.397	40533720
329.497	40550204
329.597	40566632
329.697	40583176
329.797	40599948
329.897	40616760
329.997	40632980
330.097	40649564
330.197	40666516
330.297	40683256
330.397	40699816
330.497	40716704
330.597	40733268
330.697	40749684
330.797	40766208
330.897	40782676
330.997	40798932
331.097	40815764
331.197	40832244
331.297	40848408
331.397	40865100
331.497	40881304
331.598	40897832
331.698	40914044
331.798	40930884
331.898	40947316
331.998	40963976
332.098	40980748
332.198	40997356
332.298	41013576
332.398	41030292
332.498	41047052
332.598	41063472
332.698	41079980
332.798	41096392
332.898	41113076
332.998	41129764
333.098	41146656
333.198	41163480
333.298	41180216
333.398	41197024
333.498	41214188
333.598	41230848
333.698	41247792
333.798	41264540
333.898	41281200
333.998	41298160
334.098	41315248
334.198	41332472
334.298	41349764
334.398	41367072
334.498	41384000
334.598	41400964
334.698	41418180
334.798	41435052
334.898	41452260
334.998	41469468
335.098	41486484
335.198	41503224
335.298	41520124
335.398	41537116
335.498	41553692
335.598	41570420
335.698	41587036
335.798	41604124
335.898	41620740
335.998	41636960
336.098	41653524
336.198	41670036
336.298	41687056
336.398	41703740
336.498	41720136
336.598	41736368
336.698	41753080
336.798	41769268
336.898	41785948
336.998	41802696
337.098	41819248
337.198	41835940
337.298	41852320
337.398	41869144
337.498	41885608
337.598	41902220
337.698	41918732
337.798	41935532
337.898	41952076
337.998	41968604
338.098	41985604
338.198	42002312
338.298	42018816
338.398	42035640
338.498	42052700
338.598	42069236
338.698	42086164
338.798	42102872
338.898	42119596
338.999	42136276
339.099	42153212
339.199	42170040
339.299	42186168
339.399	42202964
339.499	42219948
339.599	42236320
339.699	42253476
339.799	42270340
339.899	42286940
339.999	42303848
340.099	42320468
340.199	42336912
340.299	42353668
340.399	42370760
340.499	42387336
340.599	42404188
340.699	42420520
340.799	42436772
340.899	42453704
340.999	42470404
341.099	42487112
341.199	42503708
341.299	42520224
341.399	42536884
341.499	42553628
341.599	42570812
341.699	42587260
341.799	42604300
341.899	42621176
341.999	42638056
342.099	42654752
342.199	42671828
342.299	42688648
342.399	42705480
342.499	42722604
342.599	42739696
342.699	42756292
342.799	42773180
342.899	42790100
342.999	42806944
343.099	42824432
343.199	42840912
343.299	42858480
343.399	42875336
343.499	42892684
343.599	42909416
343.699	42926860
343.799	42943748
343.899	42960732
343.999	42977824
344.099	42995244
344.199	43012036
344.299	43029136
344.399	43046240
344.499	43063516
344.599	43080644
344.699	43097448
344.799	43114268
344.899	43131696
344.999	43148756
345.099	43165708
345.199	43182864
345.299	43199984
345.399	43217360
345.499	43234648
345.599	43251744
345.699	43269332
345.799	43286104
345.899	43303344
345.999	43320872
346.099	43338080
346.199	43355668
346.299	43373152
346.400	43390648
346.500	43408040
346.600	43425652
346.700	43443284
346.800	43460924
346.900	43478268
347.000	43495904
347.100	43513328
347.200	43530836
347.300	43548164
347.400	43565356
347.500	43582532
347.600	43600072
347.700	43617212
347.800	43634444
347.900	43652160
348.000	43669372
348.100	43686572
348.200	43704080
348.300	43721100
348.400	43737788
348.500	43755276
348.600	43772224
348.700	43789352
348.800	43806276
348.900	43823604
349.000	43840584
349.100	43857932
349.200	43875116
349.300	43892284
349.400	43909504
349.500	43926816
349.600	43943872
349.700	43961012
349.800	43978060
349.900	43994988
350.000	44012044
