%  hypsometry data 
%  version 20220701
%  created by Bryce Glenn, Julian Cross, and Maciek Obryk
%  orthometric heights
%  based on local datum (WGS84 +53.4 m)
%  Depth h (m)    Area A Min RIS (m^2)
39.8	0
39.9	4
40	24
40.1	68
40.2	144
40.3	312
40.4	580
40.5	976
40.6	1568
40.7	2284
40.8	3228
40.9	4464
41	5408
41.1	6308
41.2	6972
41.3	7832
41.4	8640
41.5	9540
41.6	10324
41.7	11080
41.8	11652
41.9	12180
42	12788
42.1	13332
42.2	13852
42.3	14432
42.4	14888
42.5	15560
42.6	16192
42.7	16988
42.8	18084
42.9	19596
43	21408
43.1	23608
43.2	26556
43.3	29564
43.4	32572
43.5	35352
43.6	38076
43.7	40304
43.8	42300
43.9	44264
44	45988
44.1	47664
44.2	49252
44.3	50860
44.4	52428
44.5	53888
44.6	55504
44.7	56980
44.8	58640
44.9	60220
45	61900
45.1	63580
45.2	65460
45.3	67248
45.4	68980
45.5	70840
45.6	72724
45.7	74580
45.8	76440
45.9	78508
46	80372
46.1	82208
46.2	83980
46.3	85716
46.4	87496
46.5	89296
46.6	91188
46.7	93136
46.8	95260
46.9	97564
47	99936
47.1	102504
47.2	105024
47.3	107852
47.4	110924
47.5	114224
47.6	117776
47.7	121256
47.8	124748
47.9	128024
48	130860
48.1	133740
48.2	136540
48.3	139328
48.4	142256
48.5	145112
48.6	148144
48.7	151388
48.8	155052
48.9	159052
49	163512
49.1	168420
49.2	174352
49.3	181272
49.4	189456
49.5	198248
49.6	207868
49.7	217232
49.8	225648
49.9	233380
50	240480
50.1	246628
50.2	252408
50.3	258304
50.4	263824
50.5	269212
50.6	274212
50.7	279528
50.8	284940
50.9	290356
51	295608
51.1	301044
51.2	306084
51.3	311248
51.4	316832
51.5	322168
51.6	327724
51.7	332816
51.8	337516
51.9	342088
52	346612
52.1	350896
52.2	355076
52.3	359136
52.4	363008
52.5	367052
52.6	370816
52.7	374616
52.8	378464
52.9	382244
53	386040
53.1	389868
53.2	393956
53.3	398332
53.4	403236
53.5	407988
53.6	413156
53.7	418360
53.8	423032
53.9	427648
54	431916
54.1	436148
54.2	440420
54.3	444868
54.4	448952
54.5	453180
54.6	457628
54.7	461676
54.8	466208
54.9	470728
55	475448
55.1	480144
55.2	484944
55.3	490004
55.4	495228
55.5	500252
55.6	505404
55.7	510364
55.8	515344
55.9	520020
56	524708
56.1	529552
56.2	534736
56.3	539720
56.4	545156
56.5	550884
56.6	556828
56.7	563224
56.8	569972
56.9	577032
57	584220
57.1	591568
57.2	599540
57.3	607988
57.4	617488
57.5	627540
57.6	637912
57.7	648016
57.8	657528
57.9	666008
58	673476
58.1	680616
58.2	687456
58.3	694200
58.4	700572
58.5	706740
58.6	712852
58.7	719024
58.8	725304
58.9	731708
59	737952
59.1	744568
59.2	751280
59.3	757892
59.4	764160
59.5	770776
59.6	777616
59.7	784584
59.8	791140
59.9	797424
60	803536
60.1	809636
60.2	815720
60.3	821808
60.4	827504
60.5	833360
60.6	838996
60.7	844996
60.8	850960
60.9	856688
61	862908
61.1	869340
61.2	876004
61.3	883100
61.4	890356
61.5	897488
61.6	904876
61.7	911904
61.8	918964
61.9	925596
62	932152
62.1	938660
62.2	945172
62.3	951440
62.4	957808
62.5	964208
62.6	970620
62.7	976960
62.8	983876
62.9	990708
63	997588
63.1	1005088
63.2	1013264
63.3	1021964
63.4	1030972
63.5	1040772
63.6	1050440
63.7	1059936
63.8	1069156
63.9	1077760
64	1086128
64.1	1094144
64.2	1102236
64.3	1109996
64.4	1117608
64.5	1124980
64.6	1132328
64.7	1140052
64.8	1147668
64.9	1155692
65	1163748
65.1	1172088
65.2	1180548
65.3	1189200
65.4	1197936
65.5	1206960
65.6	1216232
65.7	1225012
65.8	1234028
65.9	1242728
66	1250884
66.1	1258956
66.2	1267244
66.3	1275320
66.4	1283712
66.5	1291836
66.6	1300144
66.7	1308568
66.8	1316876
66.9	1325812
67	1335248
67.1	1345460
67.2	1356008
67.3	1366612
67.4	1378188
67.5	1390136
67.6	1401996
67.7	1413940
67.8	1426224
67.9	1438028
68	1450080
68.1	1462240
68.2	1475240
68.3	1488128
68.4	1501692
68.5	1515032
68.6	1528484
68.7	1542288
68.8	1555724
68.9	1569584
69	1583772
69.1	1597400
69.2	1610104
69.3	1622124
69.4	1632588
69.5	1642272
69.6	1651168
69.7	1659764
69.8	1668068
69.9	1676076
70	1683880
70.1	1692044
70.2	1700224
70.3	1708192
70.4	1716456
70.5	1724608
70.6	1732664
70.7	1740232
70.8	1748084
70.9	1755800
71	1763056
71.1	1770376
71.2	1777532
71.3	1784208
71.4	1790660
71.5	1797392
71.6	1804168
71.7	1810764
71.8	1817184
71.9	1823156
72	1829652
72.1	1835840
72.2	1842300
72.3	1849232
72.4	1857344
72.5	1866668
72.6	1878348
72.7	1892988
72.8	1910792
72.9	1931336
73	1953868
73.1	1974812
73.2	1992400
73.3	2010096
73.4	2030564
73.5	2058680
73.6	2093352
73.7	2128944
73.8	2161796
73.9	2187076
74	2204592
74.1	2218560
74.2	2230992
74.3	2243888
74.4	2260856
74.5	2279128
74.6	2294500
74.7	2306416
74.8	2317584
74.9	2327256
75	2336396
75.1	2345156
75.2	2353340
75.3	2361396
75.4	2369520
75.5	2377756
75.6	2385440
75.7	2393292
75.8	2400872
75.9	2408572
76	2416428
76.1	2424384
76.2	2431648
76.3	2439068
76.4	2446444
76.5	2453836
76.6	2461320
76.7	2468700
76.8	2475828
76.9	2482840
77	2489848
77.1	2496800
77.2	2503876
77.3	2510744
77.4	2518028
77.5	2525120
77.6	2532044
77.7	2539140
77.8	2546188
77.9	2553216
78	2560032
78.1	2567060
78.2	2573828
78.3	2581088
78.4	2587924
78.5	2595048
78.6	2602744
78.7	2610420
78.8	2617432
78.9	2625000
79	2632520
79.1	2640392
79.2	2648160
79.3	2656124
79.4	2663668
79.5	2671124
79.6	2678752
79.7	2686744
79.8	2694144
79.9	2701416
80	2709120
80.1	2716696
80.2	2723632
80.3	2730884
80.4	2737692
80.5	2744724
80.6	2751868
80.7	2758540
80.8	2765612
80.9	2772632
81	2779876
81.1	2787488
81.2	2794888
81.3	2802244
81.4	2809864
81.5	2817632
81.6	2825272
81.7	2832944
81.8	2840204
81.9	2847408
82	2854688
82.1	2862204
82.2	2869120
82.3	2876552
82.4	2883836
82.5	2890876
82.6	2897548
82.7	2904580
82.8	2911356
82.9	2918056
83	2924980
83.1	2931588
83.2	2938460
83.3	2945488
83.4	2952400
83.5	2959308
83.6	2966120
83.7	2972644
83.8	2979268
83.9	2985728
84	2992016
84.1	2998192
84.2	3004620
84.3	3010720
84.4	3016816
84.5	3023208
84.6	3029484
84.7	3035712
84.8	3041888
84.9	3047828
85	3053848
85.1	3059780
85.2	3066120
85.3	3071848
85.4	3078000
85.5	3083828
85.6	3089564
85.7	3095524
85.8	3101660
85.9	3108156
86	3114236
86.1	3120500
86.2	3126456
86.3	3132476
86.4	3138580
86.5	3144752
86.6	3150600
86.7	3156712
86.8	3163020
86.9	3169248
87	3175252
87.1	3181344
87.2	3187312
87.3	3193336
87.4	3199144
87.5	3204900
87.6	3210884
87.7	3217396
87.8	3223380
87.9	3229336
88	3235108
88.1	3240840
88.2	3246468
88.3	3252472
88.4	3258168
88.5	3264164
88.6	3270096
88.7	3276028
88.8	3282268
88.9	3288260
89	3294368
89.1	3300516
89.2	3306492
89.3	3312644
89.4	3318916
89.5	3325420
89.6	3331940
89.7	3338224
89.8	3344540
89.9	3351224
90	3357572
90.1	3363880
90.2	3370260
90.3	3376880
90.4	3384744
90.5	3394944
90.6	3405136
90.7	3414316
90.8	3422964
90.9	3430920
91	3438252
91.1	3445464
91.2	3452592
91.3	3459680
91.4	3466940
91.5	3474352
91.6	3481552
91.7	3488540
91.8	3495756
91.9	3502888
92	3510028
92.1	3516900
92.2	3523836
92.3	3530452
92.4	3537372
92.5	3543760
92.6	3550176
92.7	3557064
92.8	3563836
92.9	3570308
93	3576776
93.1	3583188
93.2	3589676
93.3	3595884
93.4	3602160
93.5	3608260
93.6	3614176
93.7	3619896
93.8	3626080
93.9	3632084
94	3637820
94.1	3644020
94.2	3649972
94.3	3656040
94.4	3662104
94.5	3668548
94.6	3674184
94.7	3680284
94.8	3686280
94.9	3692252
95	3698164
95.1	3704120
95.2	3710124
95.3	3715796
95.4	3721476
95.5	3727352
95.6	3733256
95.7	3739148
95.8	3744864
95.9	3750948
96	3756768
96.1	3763160
96.2	3769312
96.3	3775356
96.4	3781576
96.5	3787440
96.6	3793332
96.7	3799324
96.8	3805428
96.9	3811224
97	3817076
97.1	3823016
97.2	3828968
97.3	3834680
97.4	3840552
97.5	3846348
97.6	3852024
97.7	3857652
97.8	3863400
97.9	3869140
98	3874952
98.1	3880700
98.2	3886256
98.3	3892232
98.4	3898404
98.5	3904236
98.6	3910112
98.7	3916272
98.8	3923084
98.9	3929864
99	3936180
99.1	3942472
99.2	3948336
99.3	3954184
99.4	3960060
99.5	3966160
99.6	3972064
99.7	3977944
99.8	3983948
99.9	3989776
100	3995488
100.1	4001376
100.2	4007108
100.3	4013004
100.4	4018644
100.5	4024464
100.6	4030096
100.7	4035840
100.8	4041464
100.9	4047056
101	4052908
101.1	4058864
101.2	4064048
101.3	4069628
101.4	4075272
101.5	4080928
101.6	4086640
101.7	4092096
101.8	4097700
101.9	4102964
102	4108536
102.1	4113872
102.2	4119120
102.3	4124448
102.4	4129640
102.5	4135068
102.6	4140404
102.7	4145544
102.8	4150920
102.9	4156352
103	4161564
103.1	4166876
103.2	4172124
103.3	4177184
103.4	4182440
103.5	4187912
103.6	4193188
103.7	4198204
103.8	4203648
103.9	4208692
104	4214128
104.1	4219456
104.2	4224876
104.3	4230404
104.4	4235720
104.5	4240976
104.6	4246260
104.7	4251564
104.8	4256652
104.9	4262068
105	4267184
105.1	4272896
105.2	4278516
105.3	4283828
105.4	4289288
105.5	4294720
105.6	4300236
105.7	4305432
105.8	4311092
105.9	4316440
106	4321616
106.1	4327116
106.2	4332580
106.3	4337976
106.4	4343232
106.5	4348560
106.6	4353888
106.7	4359420
106.8	4365084
106.9	4370660
107	4376312
107.1	4382084
107.2	4387808
107.3	4393612
107.4	4399116
107.5	4404436
107.6	4409760
107.7	4415280
107.8	4420768
107.9	4426056
108	4431308
108.1	4436708
108.2	4442436
108.3	4447936
108.4	4453380
108.5	4458692
108.6	4464140
108.7	4469460
108.8	4474672
108.9	4480176
109	4485732
109.1	4490888
109.2	4496032
109.3	4501440
109.4	4507264
109.5	4512728
109.6	4518460
109.7	4524308
109.8	4529952
109.9	4535372
110	4540868
110.1	4546216
110.2	4551944
110.3	4557416
110.4	4562968
110.5	4568740
110.6	4574760
110.7	4580144
110.8	4585888
110.9	4591632
111	4597208
111.1	4603032
111.2	4608536
111.3	4614160
111.4	4619704
111.5	4625472
111.6	4630916
111.7	4636768
111.8	4642324
111.9	4647860
112	4653488
112.1	4659296
112.2	4664996
112.3	4670836
112.4	4676724
112.5	4682332
112.6	4687944
112.7	4693592
112.8	4698992
112.9	4704344
113	4709948
113.1	4715364
113.2	4720648
113.3	4725892
113.4	4731456
113.5	4736992
113.6	4742424
113.7	4747948
113.8	4753652
113.9	4759068
114	4764516
114.1	4770012
114.2	4775560
114.3	4780876
114.4	4786148
114.5	4791496
114.6	4796712
114.7	4801740
114.8	4806992
114.9	4812088
115	4817308
115.1	4822436
115.2	4827480
115.3	4832764
115.4	4838780
115.5	4844828
115.6	4850764
115.7	4856960
115.8	4863348
115.9	4869676
116	4875636
116.1	4881428
116.2	4887340
116.3	4893168
116.4	4899080
116.5	4904684
116.6	4910204
116.7	4915600
116.8	4921116
116.9	4926592
117	4932080
117.1	4937700
117.2	4943084
117.3	4948488
117.4	4954060
117.5	4959524
117.6	4965224
117.7	4970480
117.8	4976168
117.9	4981812
118	4987388
118.1	4992752
118.2	4998308
118.3	5003548
118.4	5009100
118.5	5014504
118.6	5019932
118.7	5025604
118.8	5031328
118.9	5036852
119	5042096
119.1	5047756
119.2	5053328
119.3	5058752
119.4	5064180
119.5	5069928
119.6	5075292
119.7	5080868
119.8	5086500
119.9	5092156
120	5097920
120.1	5103704
120.2	5109424
120.3	5114772
120.4	5120576
120.5	5126724
120.6	5132448
120.7	5138108
120.8	5144208
120.9	5150216
121	5156068
121.1	5161932
121.2	5167796
121.3	5173680
121.4	5179644
121.5	5185476
121.6	5191368
121.7	5197200
121.8	5202936
121.9	5208608
122	5214540
122.1	5220340
122.2	5226064
122.3	5231676
122.4	5237396
122.5	5243144
122.6	5248896
122.7	5254556
122.8	5260172
122.9	5265796
123	5271280
123.1	5276840
123.2	5282456
123.3	5287720
123.4	5293212
123.5	5298632
123.6	5303936
123.7	5309600
123.8	5315136
123.9	5320580
124	5326184
124.1	5331512
124.2	5336848
124.3	5342208
124.4	5347572
124.5	5353056
124.6	5358556
124.7	5364176
124.8	5369656
124.9	5375156
125	5380828
125.1	5386460
125.2	5391844
125.3	5397488
125.4	5403296
125.5	5408904
125.6	5414580
125.7	5420364
125.8	5426260
125.9	5431888
126	5437456
126.1	5443196
126.2	5449216
126.3	5454948
126.4	5460996
126.5	5467052
126.6	5473176
126.7	5479056
126.8	5485052
126.9	5491292
127	5497576
127.1	5503580
127.2	5509680
127.3	5515720
127.4	5521768
127.5	5527884
127.6	5533948
127.7	5540068
127.8	5546244
127.9	5552508
128	5558840
128.1	5564800
128.2	5571160
128.3	5577508
128.4	5583564
128.5	5589212
128.6	5595376
128.7	5601584
128.8	5607436
128.9	5613664
129	5619696
129.1	5625544
129.2	5631436
129.3	5637528
129.4	5643516
129.5	5649196
129.6	5655060
129.7	5660908
129.8	5666680
129.9	5672576
130	5678420
130.1	5684248
130.2	5689900
130.3	5695616
130.4	5701456
130.5	5707356
130.6	5713376
130.7	5719196
130.8	5725056
130.9	5731308
131	5737360
131.1	5743452
131.2	5749736
131.3	5756140
131.4	5762532
131.5	5768888
131.6	5775160
131.7	5781360
131.8	5787596
131.9	5793608
132	5799948
132.1	5806332
132.2	5812564
132.3	5818792
132.4	5825508
132.5	5832076
132.6	5838368
132.7	5844416
132.8	5850924
132.9	5857032
133	5863316
133.1	5869532
133.2	5875928
133.3	5882296
133.4	5888744
133.5	5895220
133.6	5901536
133.7	5908016
133.8	5914336
133.9	5920752
134	5927156
134.1	5933644
134.2	5940140
134.3	5946800
134.4	5953608
134.5	5960360
134.6	5966876
134.7	5973600
134.8	5980628
134.9	5987864
135	5995144
135.1	6002136
135.2	6009072
135.3	6015964
135.4	6022900
135.5	6029776
135.6	6036656
135.7	6043216
135.8	6050160
135.9	6056700
136	6063592
136.1	6070084
136.2	6076876
136.3	6083568
136.4	6090164
136.5	6096960
136.6	6103572
136.7	6110376
136.8	6117240
136.9	6123780
137	6130208
137.1	6136788
137.2	6143156
137.3	6149468
137.4	6156236
137.5	6162808
137.6	6169716
137.7	6176344
137.8	6182804
137.9	6189420
138	6196020
138.1	6202584
138.2	6209004
138.3	6215596
138.4	6222172
138.5	6228672
138.6	6235344
138.7	6242012
138.8	6248656
138.9	6255368
139	6262092
139.1	6268536
139.2	6275152
139.3	6281772
139.4	6288384
139.5	6294708
139.6	6301076
139.7	6307712
139.8	6314116
139.9	6320832
140	6327580
140.1	6334524
140.2	6341472
140.3	6348292
140.4	6355188
140.5	6362144
140.6	6368860
140.7	6375252
140.8	6381888
140.9	6388324
141	6395052
141.1	6401480
141.2	6407908
141.3	6414316
141.4	6420764
141.5	6427468
141.6	6434244
141.7	6440732
141.8	6447276
141.9	6454052
142	6460844
142.1	6467560
142.2	6474408
142.3	6481168
142.4	6487948
142.5	6494772
142.6	6501536
142.7	6508504
142.8	6515228
142.9	6521760
143	6528392
143.1	6535008
143.2	6541656
143.3	6548184
143.4	6554592
143.5	6560884
143.6	6567328
143.7	6573636
143.8	6580240
143.9	6586644
144	6593204
144.1	6599324
144.2	6605816
144.3	6611864
144.4	6618168
144.5	6624584
144.6	6630772
144.7	6637684
144.8	6644776
144.9	6651424
145	6657936
145.1	6664600
145.2	6671224
145.3	6678120
145.4	6685048
145.5	6693276
145.6	6700496
145.7	6707472
145.8	6714832
145.9	6722024
146	6729036
146.1	6736288
146.2	6743320
146.3	6750128
146.4	6757148
146.5	6764248
146.6	6771060
146.7	6777588
146.8	6784580
146.9	6791432
147	6798364
147.1	6805272
147.2	6812132
147.3	6819332
147.4	6826264
147.5	6833060
147.6	6840156
147.7	6847576
147.8	6854820
147.9	6862496
148	6870112
148.1	6877964
148.2	6885488
148.3	6893392
148.4	6901516
148.5	6909096
148.6	6917332
148.7	6925024
148.8	6933176
148.9	6941292
149	6949436
149.1	6957748
149.2	6965976
149.3	6974360
149.4	6982816
149.5	6991344
149.6	7000164
149.7	7008904
149.8	7017472
149.9	7026376
150	7035312
150.1	7044416
150.2	7052944
150.3	7061656
150.4	7070512
150.5	7079520
150.6	7088840
150.7	7098212
150.8	7107740
150.9	7116932
151	7126084
151.1	7135440
151.2	7144844
151.3	7154232
151.4	7163364
151.5	7172460
151.6	7181612
151.7	7191276
151.8	7200412
151.9	7210000
152	7219152
152.1	7228468
152.2	7237776
152.3	7247020
152.4	7256796
152.5	7266484
152.6	7275832
152.7	7285764
152.8	7294880
152.9	7303804
153	7313280
153.1	7322692
153.2	7332252
153.3	7341752
153.4	7351400
153.5	7360948
153.6	7370124
153.7	7379228
153.8	7387860
153.9	7396416
154	7405188
154.1	7413804
154.2	7422248
154.3	7430148
154.4	7438604
154.5	7447184
154.6	7455640
154.7	7464600
154.8	7473744
154.9	7482040
155	7490228
155.1	7497736
155.2	7505892
155.3	7513812
155.4	7521812
155.5	7529660
155.6	7537448
155.7	7545052
155.8	7552784
155.9	7560552
156	7568716
156.1	7576548
156.2	7584500
156.3	7592260
156.4	7600132
156.5	7608108
156.6	7615892
156.7	7623848
156.8	7631448
156.9	7639212
157	7646628
157.1	7654308
157.2	7661484
157.3	7668936
157.4	7676348
157.5	7683716
157.6	7690880
157.7	7698116
157.8	7705600
157.9	7712892
158	7720000
158.1	7727492
158.2	7734392
158.3	7741612
158.4	7748468
158.5	7755400
158.6	7762472
158.7	7769392
158.8	7776548
158.9	7783720
159	7791088
159.1	7798184
159.2	7805196
159.3	7812256
159.4	7819148
159.5	7826780
159.6	7834584
159.7	7842480
159.8	7850120
159.9	7858092
160	7865716
160.1	7873664
160.2	7881596
160.3	7889548
160.4	7897632
160.5	7906120
160.6	7913976
160.7	7921528
160.8	7928924
160.9	7936024
161	7942852
161.1	7949672
161.2	7956400
161.3	7962868
161.4	7969692
161.5	7976320
161.6	7982860
161.7	7989384
161.8	7995984
161.9	8002444
162	8009004
162.1	8015292
162.2	8021708
162.3	8027800
162.4	8034176
162.5	8040284
162.6	8046380
162.7	8052464
162.8	8058436
162.9	8064584
163	8070812
163.1	8076868
163.2	8083224
163.3	8089512
163.4	8095804
163.5	8102012
163.6	8108228
163.7	8114548
163.8	8120780
163.9	8127032
164	8133408
164.1	8139712
164.2	8146088
164.3	8152464
164.4	8158916
164.5	8165012
164.6	8171188
164.7	8177392
164.8	8183860
164.9	8190092
165	8196684
165.1	8202956
165.2	8209712
165.3	8216172
165.4	8222652
165.5	8229288
165.6	8235668
165.7	8242036
165.8	8248428
165.9	8254704
166	8260944
166.1	8267116
166.2	8273376
166.3	8279900
166.4	8285752
166.5	8292380
166.6	8298584
166.7	8304908
166.8	8311196
166.9	8317712
167	8323936
167.1	8329984
167.2	8336268
167.3	8342452
167.4	8348784
167.5	8355312
167.6	8361660
167.7	8367856
167.8	8374284
167.9	8380580
168	8387200
168.1	8393640
168.2	8400184
168.3	8406608
168.4	8412820
168.5	8419564
168.6	8426228
168.7	8432624
168.8	8439076
168.9	8445408
169	8451956
169.1	8458384
169.2	8464792
169.3	8471364
169.4	8477560
169.5	8484044
169.6	8490320
169.7	8496552
169.8	8502916
169.9	8509028
170	8515292
170.1	8521408
170.2	8527688
170.3	8533904
170.4	8540068
170.5	8546360
170.6	8552692
170.7	8558924
170.8	8565408
170.9	8571932
171	8578396
171.1	8584508
171.2	8591200
171.3	8597436
171.4	8603744
171.5	8609656
171.6	8615652
171.7	8621932
171.8	8628060
171.9	8634328
172	8640720
172.1	8646572
172.2	8652496
172.3	8658952
172.4	8665056
172.5	8671224
172.6	8677248
172.7	8683160
172.8	8688980
172.9	8695180
173	8701068
173.1	8707048
173.2	8713032
173.3	8718536
173.4	8724628
173.5	8730552
173.6	8736520
173.7	8742472
173.8	8748292
173.9	8754196
174	8759812
174.1	8765672
174.2	8771532
174.3	8777472
174.4	8783040
174.5	8788880
174.6	8794608
174.7	8800408
174.8	8806020
174.9	8811732
175	8817764
175.1	8823668
175.2	8829472
175.3	8835576
175.4	8841404
175.5	8847292
175.6	8853108
175.7	8859216
175.8	8865348
175.9	8871236
176	8876892
176.1	8882800
176.2	8888596
176.3	8894440
176.4	8900184
176.5	8905788
176.6	8911744
176.7	8917600
176.8	8923588
176.9	8929544
177	8935296
177.1	8941416
177.2	8947464
177.3	8953576
177.4	8959700
177.5	8965864
177.6	8972184
177.7	8978348
177.8	8984412
177.9	8990472
178	8996680
178.1	9002964
178.2	9009104
178.3	9015044
178.4	9021104
178.5	9027152
178.6	9033448
178.7	9039604
178.8	9045764
178.9	9052056
179	9058220
179.1	9064564
179.2	9071024
179.3	9077172
179.4	9083796
179.5	9090428
179.6	9096616
179.7	9103032
179.8	9109128
179.9	9114960
180	9121108
180.1	9127216
180.2	9133280
180.3	9139520
180.4	9145496
180.5	9151620
180.6	9157720
180.7	9163832
180.8	9169952
180.9	9176084
181	9182484
181.1	9189116
181.2	9195168
181.3	9201660
181.4	9208180
181.5	9214508
181.6	9220832
181.7	9227040
181.8	9233360
181.9	9239332
182	9245676
182.1	9251720
182.2	9258152
182.3	9264628
182.4	9270736
182.5	9277100
182.6	9283144
182.7	9289444
182.8	9295772
182.9	9301940
183	9308244
183.1	9314228
183.2	9320484
183.3	9326556
183.4	9332292
183.5	9338300
183.6	9344252
183.7	9350176
183.8	9356124
183.9	9361880
184	9367832
184.1	9373640
184.2	9379452
184.3	9385300
184.4	9391284
184.5	9397116
184.6	9403220
184.7	9409228
184.8	9415224
184.9	9421384
185	9427520
185.1	9433720
185.2	9439988
185.3	9446388
185.4	9452656
185.5	9458804
185.6	9465128
185.7	9471532
185.8	9477880
185.9	9484344
186	9491016
186.1	9497224
186.2	9503436
186.3	9509880
186.4	9515992
186.5	9522248
186.6	9528440
186.7	9534556
186.8	9540884
186.9	9547248
187	9553436
187.1	9559896
187.2	9566140
187.3	9572280
187.4	9578276
187.5	9584384
187.6	9590444
187.7	9596516
187.8	9602608
187.9	9608600
188	9614760
188.1	9620820
188.2	9627120
188.3	9633004
188.4	9639404
188.5	9645540
188.6	9651484
188.7	9657748
188.8	9663968
188.9	9670316
189	9676384
189.1	9682488
189.2	9688808
189.3	9695104
189.4	9701068
189.5	9707344
189.6	9713648
189.7	9719856
189.8	9725864
189.9	9731948
190	9737984
190.1	9743860
190.2	9749908
190.3	9755952
190.4	9762036
190.5	9768216
190.6	9774144
190.7	9780408
190.8	9786712
190.9	9793056
191	9799572
191.1	9806292
191.2	9812580
191.3	9819052
191.4	9825356
191.5	9831652
191.6	9837808
191.7	9843988
191.8	9850036
191.9	9856572
192	9863072
192.1	9869380
192.2	9875632
192.3	9881740
192.4	9888148
192.5	9894408
192.6	9900688
192.7	9906712
192.8	9912796
192.9	9919232
193	9925260
193.1	9931820
193.2	9938288
193.3	9944416
193.4	9950736
193.5	9956700
193.6	9962936
193.7	9969152
193.8	9975100
193.9	9981308
194	9987808
194.1	9994088
194.2	9999976
194.3	10005824
194.4	10011988
194.5	10017696
194.6	10023624
194.7	10029608
194.8	10035184
194.9	10041084
195	10046680
195.1	10052444
195.2	10058100
195.3	10063932
195.4	10069888
195.5	10075716
195.6	10081300
195.7	10086820
195.8	10092644
195.9	10098320
196	10103772
196.1	10109460
196.2	10115444
196.3	10121092
196.4	10126904
196.5	10132680
196.6	10138416
196.7	10144000
196.8	10149692
196.9	10155224
197	10160788
197.1	10166448
197.2	10171880
197.3	10177372
197.4	10183020
197.5	10188564
197.6	10194108
197.7	10199848
197.8	10205628
197.9	10211368
198	10217056
198.1	10222596
198.2	10228444
198.3	10233836
198.4	10239528
198.5	10245372
198.6	10251128
198.7	10256604
198.8	10262320
198.9	10267784
199	10273440
199.1	10278932
199.2	10284352
199.3	10289904
199.4	10295436
199.5	10300948
199.6	10306304
199.7	10311776
199.8	10317576
199.9	10322852
200	10328376
200.1	10333820
200.2	10339256
200.3	10344744
200.4	10350284
200.5	10355704
200.6	10361092
200.7	10366256
200.8	10371644
200.9	10376852
201	10382148
201.1	10387100
201.2	10392308
201.3	10397612
201.4	10402780
201.5	10407880
201.6	10413096
201.7	10418324
201.8	10423548
201.9	10428772
202	10434144
202.1	10439140
202.2	10444344
202.3	10449688
202.4	10454768
202.5	10459796
202.6	10464876
202.7	10469944
202.8	10474964
202.9	10480096
203	10484860
203.1	10490024
203.2	10495252
203.3	10500376
203.4	10505584
203.5	10511092
203.6	10516516
203.7	10521620
203.8	10526868
203.9	10531880
204	10537160
204.1	10542180
204.2	10547136
204.3	10551860
204.4	10557000
204.5	10562036
204.6	10566956
204.7	10571848
204.8	10576732
204.9	10581720
205	10586432
205.1	10591280
205.2	10596232
205.3	10601244
205.4	10606124
205.5	10611076
205.6	10615808
205.7	10620704
205.8	10625720
205.9	10630852
206	10635852
206.1	10640872
206.2	10645924
206.3	10650616
206.4	10655828
206.5	10660896
206.6	10665988
206.7	10670764
206.8	10675744
206.9	10680876
207	10685832
207.1	10690840
207.2	10695632
207.3	10700840
207.4	10705896
207.5	10710812
207.6	10715856
207.7	10720884
207.8	10725896
207.9	10731016
208	10736132
208.1	10740984
208.2	10746052
208.3	10751112
208.4	10756424
208.5	10761512
208.6	10766432
208.7	10771288
208.8	10776116
208.9	10781224
209	10785924
209.1	10790844
209.2	10795872
209.3	10800740
209.4	10805536
209.5	10810388
209.6	10815132
209.7	10819904
209.8	10824692
209.9	10829644
210	10834448
210.1	10839452
210.2	10844352
210.3	10849016
210.4	10853816
210.5	10858480
210.6	10863368
210.7	10868184
210.8	10873128
210.9	10878128
211	10882916
211.1	10887820
211.2	10892736
211.3	10897608
211.4	10902572
211.5	10907240
211.6	10912400
211.7	10917320
211.8	10922276
211.9	10927404
212	10932564
212.1	10937520
212.2	10942600
212.3	10947404
212.4	10952656
212.5	10957876
212.6	10962844
212.7	10967864
212.8	10973016
212.9	10977832
213	10982924
213.1	10987740
213.2	10992628
213.3	10997732
213.4	11002748
213.5	11007628
213.6	11012492
213.7	11017272
213.8	11022116
213.9	11027120
214	11032144
214.1	11037168
214.2	11042260
214.3	11046976
214.4	11052168
214.5	11057364
214.6	11062476
214.7	11067396
214.8	11072444
214.9	11077328
215	11082148
215.1	11086952
215.2	11091856
215.3	11096496
215.4	11101412
215.5	11106332
215.6	11111068
215.7	11115952
215.8	11120860
215.9	11125660
216	11130440
216.1	11135332
216.2	11140080
216.3	11144964
216.4	11149632
216.5	11154312
216.6	11159204
216.7	11164132
216.8	11169020
216.9	11173988
217	11179076
217.1	11184052
217.2	11188956
217.3	11193860
217.4	11198668
217.5	11203680
217.6	11208552
217.7	11213652
217.8	11218324
217.9	11223112
218	11227988
218.1	11232516
218.2	11237284
218.3	11241964
218.4	11246968
218.5	11251812
218.6	11256664
218.7	11261556
218.8	11266348
218.9	11271128
219	11275992
219.1	11280832
219.2	11285576
219.3	11290400
219.4	11295164
219.5	11299888
219.6	11304476
219.7	11309040
219.8	11314000
219.9	11318648
220	11323216
220.1	11327844
220.2	11332388
220.3	11337076
220.4	11341676
220.5	11346404
220.6	11351024
220.7	11355892
220.8	11360436
220.9	11365172
221	11369792
221.1	11374484
221.2	11379264
221.3	11384116
221.4	11388600
221.5	11393480
221.6	11398144
221.7	11402740
221.8	11407608
221.9	11412308
222	11416868
222.1	11421344
222.2	11426064
222.3	11430584
222.4	11435320
222.5	11439936
222.6	11444564
222.7	11449144
222.8	11454108
222.9	11458828
223	11463636
223.1	11468320
223.2	11472992
223.3	11477532
223.4	11482260
223.5	11486980
223.6	11491772
223.7	11496156
223.8	11500964
223.9	11505592
224	11510300
224.1	11514932
224.2	11519708
224.3	11524368
224.4	11528904
224.5	11533444
224.6	11538316
224.7	11542784
224.8	11547412
224.9	11552176
225	11556908
225.1	11561408
225.2	11566240
225.3	11570876
225.4	11575676
225.5	11580576
225.6	11585276
225.7	11590032
225.8	11594648
225.9	11599252
226	11603996
226.1	11608700
226.2	11613520
226.3	11618080
226.4	11622688
226.5	11627284
226.6	11631980
226.7	11636508
226.8	11640980
226.9	11645724
227	11650292
227.1	11655044
227.2	11659672
227.3	11664340
227.4	11669016
227.5	11673592
227.6	11678312
227.7	11683132
227.8	11687768
227.9	11692252
228	11697100
228.1	11702052
228.2	11706656
228.3	11711536
228.4	11716156
228.5	11721016
228.6	11725860
228.7	11730448
228.8	11735104
228.9	11739916
229	11744424
229.1	11749280
229.2	11754084
229.3	11758740
229.4	11763504
229.5	11768248
229.6	11773140
229.7	11778064
229.8	11782928
229.9	11787712
230	11792728
230.1	11797444
230.2	11802144
230.3	11806840
230.4	11811652
230.5	11816596
230.6	11821268
230.7	11825944
230.8	11830680
230.9	11835428
231	11840140
231.1	11844796
231.2	11849624
231.3	11854300
231.4	11858860
231.5	11863540
231.6	11868112
231.7	11872588
231.8	11877184
231.9	11881852
232	11886328
232.1	11890804
232.2	11895448
232.3	11899852
232.4	11904320
232.5	11908796
232.6	11913460
232.7	11917956
232.8	11922564
232.9	11927020
233	11931644
233.1	11936040
233.2	11940780
233.3	11945168
233.4	11949668
233.5	11954156
233.6	11958508
233.7	11963092
233.8	11967408
233.9	11971880
234	11976348
234.1	11980732
234.2	11985056
234.3	11989172
234.4	11993560
234.5	11997972
234.6	12002228
234.7	12006544
234.8	12010692
234.9	12015168
235	12019440
235.1	12023704
235.2	12028092
235.3	12032340
235.4	12036676
235.5	12041212
235.6	12045564
235.7	12049920
235.8	12054376
235.9	12058800
236	12063044
236.1	12067276
236.2	12071628
236.3	12075772
236.4	12080400
236.5	12084672
236.6	12089008
236.7	12093328
236.8	12097728
236.9	12101968
237	12106388
237.1	12110884
237.2	12114996
237.3	12119468
237.4	12124192
237.5	12128656
237.6	12133004
237.7	12137476
237.8	12141912
237.9	12146060
238	12150324
238.1	12154728
238.2	12159216
238.3	12163392
238.4	12167624
238.5	12172152
238.6	12176568
238.7	12180844
238.8	12185104
238.9	12189364
239	12193724
239.1	12198152
239.2	12202196
239.3	12206544
239.4	12210884
239.5	12215272
239.6	12219516
239.7	12223860
239.8	12228312
239.9	12232560
240	12236928
240.1	12241212
240.2	12245476
240.3	12249828
240.4	12254080
240.5	12258296
240.6	12262508
240.7	12266912
240.8	12271224
240.9	12275452
241	12279692
241.1	12283852
241.2	12288256
241.3	12292532
241.4	12296560
241.5	12300780
241.6	12305032
241.7	12309248
241.8	12313580
241.9	12318108
242	12322300
242.1	12326604
242.2	12330828
242.3	12335044
242.4	12339412
242.5	12343588
242.6	12347704
242.7	12351724
242.8	12356136
242.9	12360260
243	12364424
243.1	12368620
243.2	12372924
243.3	12377348
243.4	12381680
243.5	12385728
243.6	12389856
243.7	12394064
243.8	12398116
243.9	12402352
244	12406648
244.1	12410960
244.2	12414984
244.3	12419260
244.4	12423544
244.5	12427608
244.6	12431928
244.7	12436128
244.8	12440312
244.9	12444536
245	12448624
245.1	12452728
245.2	12456996
245.3	12461016
245.4	12465064
245.5	12469000
245.6	12473080
245.7	12477196
245.8	12481288
245.9	12485372
246	12489324
246.1	12493488
246.2	12497480
246.3	12501468
246.4	12505644
246.5	12509896
246.6	12513868
246.7	12517776
246.8	12521796
246.9	12525852
247	12529876
247.1	12533840
247.2	12537824
247.3	12542008
247.4	12545984
247.5	12549992
247.6	12554088
247.7	12557964
247.8	12561812
247.9	12565840
248	12569716
248.1	12573504
248.2	12577568
248.3	12581544
248.4	12585524
248.5	12589384
248.6	12593208
248.7	12597136
248.8	12601044
248.9	12604900
249	12608912
249.1	12612852
249.2	12616752
249.3	12620460
249.4	12624356
249.5	12628396
249.6	12632268
249.7	12636220
249.8	12640040
249.9	12643924
250	12647964
250.1	12651836
250.2	12655592
250.3	12659492
250.4	12663420
250.5	12667120
250.6	12670952
250.7	12674828
250.8	12678908
250.9	12682844
251	12686588
251.1	12690308
251.2	12694228
251.3	12697988
251.4	12701736
251.5	12705528
251.6	12709432
251.7	12713252
251.8	12717024
251.9	12720776
252	12724632
252.1	12728380
252.2	12732256
252.3	12736240
252.4	12740132
252.5	12743824
252.6	12747760
252.7	12751520
252.8	12755696
252.9	12759692
253	12763708
253.1	12767412
253.2	12771236
253.3	12774968
253.4	12778712
253.5	12782664
253.6	12786352
253.7	12790424
253.8	12794196
253.9	12797988
254	12801788
254.1	12805668
254.2	12809524
254.3	12813296
254.4	12817192
254.5	12821060
254.6	12824940
254.7	12828704
254.8	12832508
254.9	12836240
255	12840136
255.1	12843964
255.2	12847940
255.3	12851796
255.4	12855452
255.5	12859420
255.6	12863244
255.7	12867188
255.8	12870892
255.9	12874724
256	12878604
256.1	12882336
256.2	12886036
256.3	12890032
256.4	12893848
256.5	12897684
256.6	12901312
256.7	12905244
256.8	12908940
256.9	12912820
257	12916520
257.1	12920552
257.2	12924476
257.3	12928004
257.4	12931660
257.5	12935472
257.6	12939316
257.7	12943128
257.8	12946756
257.9	12950640
258	12954256
258.1	12957832
258.2	12961608
258.3	12965276
258.4	12969212
258.5	12972936
258.6	12976688
258.7	12980472
258.8	12983936
258.9	12987872
259	12991392
259.1	12995072
259.2	12998932
259.3	13002408
259.4	13006104
259.5	13009952
259.6	13013668
259.7	13017488
259.8	13021268
259.9	13025096
260	13028820
260.1	13032548
260.2	13036244
260.3	13039968
260.4	13043724
260.5	13047072
260.6	13050796
260.7	13054448
260.8	13058064
260.9	13061924
261	13065496
261.1	13069216
261.2	13073088
261.3	13076912
261.4	13080696
261.5	13084264
261.6	13088172
261.7	13091636
261.8	13095404
261.9	13098920
262	13102608
262.1	13106176
262.2	13109640
262.3	13113316
262.4	13117004
262.5	13120660
262.6	13124408
262.7	13128176
262.8	13131700
262.9	13135304
263	13138844
263.1	13142464
263.2	13145948
263.3	13149552
263.4	13153104
263.5	13156768
263.6	13160544
263.7	13164204
263.8	13167916
263.9	13171380
264	13174984
264.1	13178684
264.2	13182308
264.3	13185916
264.4	13189508
264.5	13193068
264.6	13196612
264.7	13200408
264.8	13204008
264.9	13207784
265	13211560
265.1	13215180
265.2	13218748
265.3	13222360
265.4	13226000
265.5	13229612
265.6	13233268
265.7	13236924
265.8	13240640
265.9	13244176
266	13247752
266.1	13251256
266.2	13254796
266.3	13258308
266.4	13261808
266.5	13265472
266.6	13268860
266.7	13272420
266.8	13276048
266.9	13279512
267	13282888
267.1	13286452
267.2	13290156
267.3	13293656
267.4	13297088
267.5	13300624
267.6	13304200
267.7	13307704
267.8	13311380
267.9	13314920
268	13318348
268.1	13321948
268.2	13325504
268.3	13329028
268.4	13332584
268.5	13336212
268.6	13339832
268.7	13343344
268.8	13346960
268.9	13350560
269	13354268
269.1	13358152
269.2	13361768
269.3	13365340
269.4	13368996
269.5	13372692
269.6	13376364
269.7	13380164
269.8	13383888
269.9	13387736
270	13391360
270.1	13395036
270.2	13398572
270.3	13402236
270.4	13405820
270.5	13409568
270.6	13413332
270.7	13416988
270.8	13420452
270.9	13423984
271	13427576
271.1	13431068
271.2	13434596
271.3	13437932
271.4	13441328
271.5	13444932
271.6	13448288
271.7	13451784
271.8	13455192
271.9	13458448
272	13461944
272.1	13465260
272.2	13468564
272.3	13471780
272.4	13475208
272.5	13478544
272.6	13481908
272.7	13485376
272.8	13488688
272.9	13492144
273	13495644
273.1	13499196
273.2	13502368
273.3	13505748
273.4	13509228
273.5	13512748
273.6	13516088
273.7	13519520
273.8	13522792
273.9	13526220
274	13529556
274.1	13533072
274.2	13536508
274.3	13539900
274.4	13543420
274.5	13546884
274.6	13550396
274.7	13553820
274.8	13557212
274.9	13560560
275	13563844
275.1	13567296
275.2	13570780
275.3	13574080
275.4	13577528
275.5	13580920
275.6	13584168
275.7	13587628
275.8	13591088
275.9	13594696
276	13598048
276.1	13601664
276.2	13605196
276.3	13608760
276.4	13612272
276.5	13615724
276.6	13619184
276.7	13622968
276.8	13626572
276.9	13630384
277	13634220
277.1	13637636
277.2	13641368
277.3	13645076
277.4	13648704
277.5	13652216
277.6	13655612
277.7	13659204
277.8	13662676
277.9	13666348
278	13669888
278.1	13673404
278.2	13676948
278.3	13680544
278.4	13683984
278.5	13687288
278.6	13690868
278.7	13694472
278.8	13697984
278.9	13701660
279	13705088
279.1	13708772
279.2	13712548
279.3	13716136
279.4	13719708
279.5	13723380
279.6	13727012
279.7	13730652
279.8	13734348
279.9	13738200
280	13742280
280.1	13746304
280.2	13749996
280.3	13753708
280.4	13757556
280.5	13761240
280.6	13765068
280.7	13768704
280.8	13772272
280.9	13776072
281	13779812
281.1	13783420
281.2	13787028
281.3	13790668
281.4	13794380
281.5	13798056
281.6	13801828
281.7	13805616
281.8	13809152
281.9	13812764
282	13816340
282.1	13820052
282.2	13823720
282.3	13827296
282.4	13830928
282.5	13834556
282.6	13838332
282.7	13841956
282.8	13845588
282.9	13849248
283	13852656
283.1	13856264
283.2	13860020
283.3	13863448
283.4	13867160
283.5	13870620
283.6	13874364
283.7	13877928
283.8	13881512
283.9	13884876
284	13888568
284.1	13892360
284.2	13895880
284.3	13899432
284.4	13903036
284.5	13906556
284.6	13910188
284.7	13913892
284.8	13917532
284.9	13921148
285	13924960
285.1	13928640
285.2	13932144
285.3	13935688
285.4	13939380
285.5	13943124
285.6	13946808
285.7	13950468
285.8	13954256
285.9	13957840
286	13961676
286.1	13965612
286.2	13969272
286.3	13973060
286.4	13976748
286.5	13980524
286.6	13984372
286.7	13988016
286.8	13991628
286.9	13995464
287	13999240
287.1	14002720
287.2	14006376
287.3	14010104
287.4	14013644
287.5	14017264
287.6	14020740
287.7	14024196
287.8	14027880
287.9	14031552
288	14035220
288.1	14038664
288.2	14042404
288.3	14046116
288.4	14049656
288.5	14053384
288.6	14057088
288.7	14060644
288.8	14064256
288.9	14068084
289	14071828
289.1	14075508
289.2	14079192
289.3	14082876
289.4	14086364
289.5	14089780
289.6	14093492
289.7	14097136
289.8	14100520
289.9	14104164
290	14107756
290.1	14111540
290.2	14115144
290.3	14118724
290.4	14122380
290.5	14125980
290.6	14129872
290.7	14133456
290.8	14137320
290.9	14140820
291	14144624
291.1	14148192
291.2	14151992
291.3	14155604
291.4	14159360
291.5	14162972
291.6	14166740
291.7	14170348
291.8	14174176
291.9	14177936
292	14181564
292.1	14185212
292.2	14188840
292.3	14192292
292.4	14195948
292.5	14199560
292.6	14202976
292.7	14206400
292.8	14209912
292.9	14213704
293	14217068
293.1	14220756
293.2	14224284
293.3	14227764
293.4	14231392
293.5	14235072
293.6	14238684
293.7	14242308
293.8	14245944
293.9	14249416
294	14252956
294.1	14256520
294.2	14260068
294.3	14263564
294.4	14267200
294.5	14270884
294.6	14274244
294.7	14277920
294.8	14281500
294.9	14285044
295	14288608
295.1	14292128
295.2	14295676
295.3	14299120
295.4	14302864
295.5	14306528
295.6	14309892
295.7	14313512
295.8	14316864
295.9	14320496
296	14324044
296.1	14327560
296.2	14331096
296.3	14334708
296.4	14338508
296.5	14341940
296.6	14345520
296.7	14349052
296.8	14352672
296.9	14356336
297	14359916
297.1	14363560
297.2	14367180
297.3	14370720
297.4	14374280
297.5	14377804
297.6	14381264
297.7	14384864
297.8	14388420
297.9	14391908
298	14395408
298.1	14398916
298.2	14402444
298.3	14406092
298.4	14409576
298.5	14413100
298.6	14416704
298.7	14420304
298.8	14423856
298.9	14427300
299	14430772
299.1	14434368
299.2	14437696
299.3	14441316
299.4	14444848
299.5	14448240
299.6	14451900
299.7	14455308
299.8	14458844
299.9	14462608
300	14466104
300.1	14469612
300.2	14473076
300.3	14476628
300.4	14480080
300.5	14483604
300.6	14487204
300.7	14490992
300.8	14494664
300.9	14498204
301	14502084
301.1	14505540
301.2	14509204
301.3	14512852
301.4	14516588
301.5	14520276
301.6	14523880
301.7	14527580
301.8	14531256
301.9	14534988
302	14538600
302.1	14542284
302.2	14545952
302.3	14549764
302.4	14553596
302.5	14557208
302.6	14560792
302.7	14564504
302.8	14568176
302.9	14571884
303	14575556
303.1	14579224
303.2	14583004
303.3	14586636
303.4	14590420
303.5	14594100
303.6	14597736
303.7	14601376
303.8	14605016
303.9	14608792
304	14612376
304.1	14616040
304.2	14619736
304.3	14623368
304.4	14627024
304.5	14630740
304.6	14634420
304.7	14638172
304.8	14641732
304.9	14645492
305	14649172
305.1	14652888
305.2	14656520
305.3	14660240
305.4	14663924
305.5	14667724
305.6	14671280
305.7	14674992
305.8	14678676
305.9	14682300
306	14686140
306.1	14689976
306.2	14693596
306.3	14697380
306.4	14700964
306.5	14704708
306.6	14708352
306.7	14712200
306.8	14715872
306.9	14719496
307	14723160
307.1	14726880
307.2	14730608
307.3	14734412
307.4	14738020
307.5	14741780
307.6	14745476
307.7	14749220
307.8	14752960
307.9	14756804
308	14760584
308.1	14764296
308.2	14768008
308.3	14771684
308.4	14775576
308.5	14779348
308.6	14783072
308.7	14787060
308.8	14790752
308.9	14794736
309	14798676
309.1	14802696
309.2	14806388
309.3	14810188
309.4	14813964
309.5	14817932
309.6	14821964
309.7	14825988
309.8	14829940
309.9	14833704
310	14837572
310.1	14841460
310.2	14845524
310.3	14849420
310.4	14853300
310.5	14857044
310.6	14861040
310.7	14864848
310.8	14868848
310.9	14872948
311	14876960
311.1	14880940
311.2	14884976
311.3	14889084
311.4	14893168
311.5	14897228
311.6	14901352
311.7	14905396
311.8	14909496
311.9	14913580
312	14917636
312.1	14921832
312.2	14925920
312.3	14930044
312.4	14934192
312.5	14938424
312.6	14942536
312.7	14946820
312.8	14950852
312.9	14954820
313	14959076
313.1	14963244
313.2	14967512
313.3	14971760
313.4	14976016
313.5	14980068
313.6	14984092
313.7	14988348
313.8	14992512
313.9	14996756
314	15000872
314.1	15005256
314.2	15009296
314.3	15013560
314.4	15017792
314.5	15022108
314.6	15026388
314.7	15030652
314.8	15034816
314.9	15039028
315	15043568
315.1	15048184
315.2	15052772
315.3	15057144
315.4	15061504
315.5	15065716
315.6	15070272
315.7	15074772
315.8	15079232
315.9	15083444
316	15087644
316.1	15092008
316.2	15096552
316.3	15101188
316.4	15105384
316.5	15109568
316.6	15113760
316.7	15118204
316.8	15122460
316.9	15126780
317	15130968
317.1	15135016
317.2	15139404
317.3	15143344
317.4	15147496
317.5	15151656
317.6	15155740
317.7	15159556
317.8	15163744
317.9	15168036
318	15172240
318.1	15176136
318.2	15180408
318.3	15184760
318.4	15188904
318.5	15193012
318.6	15197176
318.7	15201152
318.8	15205312
318.9	15209380
319	15213484
319.1	15217704
319.2	15221976
319.3	15226248
319.4	15230500
319.5	15234636
319.6	15238848
319.7	15243116
319.8	15247472
319.9	15251664
320	15255856
320.1	15259960
320.2	15264076
320.3	15268248
320.4	15272676
320.5	15276836
320.6	15281008
320.7	15285360
320.8	15289476
320.9	15293688
321	15297940
321.1	15302280
321.2	15306528
321.3	15310696
321.4	15315140
321.5	15319368
321.6	15323724
321.7	15328060
321.8	15332316
321.9	15337024
322	15341500
322.1	15345956
322.2	15350524
322.3	15354736
322.4	15359096
322.5	15363464
322.6	15367784
322.7	15371988
322.8	15376412
322.9	15380640
323	15384860
323.1	15389004
323.2	15393016
323.3	15397136
323.4	15401488
323.5	15405704
323.6	15409576
323.7	15413744
323.8	15417792
323.9	15421840
324	15425660
324.1	15429728
324.2	15433464
324.3	15437460
324.4	15441604
324.5	15445672
324.6	15449872
324.7	15453888
324.8	15457752
324.9	15461980
325	15466032
325.1	15470100
325.2	15474300
325.3	15478108
325.4	15482088
325.5	15486000
325.6	15489860
325.7	15493840
325.8	15497932
325.9	15501912
326	15505816
326.1	15509880
326.2	15513772
326.3	15517336
326.4	15521208
326.5	15525492
326.6	15529308
326.7	15533472
326.8	15537340
326.9	15541364
327	15545300
327.1	15549332
327.2	15553236
327.3	15557084
327.4	15560936
327.5	15564964
327.6	15568716
327.7	15572716
327.8	15576444
327.9	15580168
328	15584220
328.1	15588040
328.2	15591840
328.3	15595760
328.4	15599492
328.5	15603444
328.6	15607012
328.7	15610808
328.8	15614652
328.9	15618456
329	15622176
329.1	15625968
329.2	15629576
329.3	15633476
329.4	15637556
329.5	15641276
329.6	15645172
329.7	15649012
329.8	15652620
329.9	15656552
330	15660364
330.1	15664192
330.2	15668084
330.3	15671912
330.4	15675568
330.5	15679620
330.6	15683612
330.7	15687392
330.8	15691316
330.9	15695216
331	15699152
331.1	15703048
331.2	15707184
331.3	15711060
331.4	15714904
331.5	15718864
331.6	15722860
331.7	15726796
331.8	15730632
331.9	15734580
332	15738820
332.1	15742840
332.2	15746880
332.3	15751008
332.4	15755232
332.5	15759300
332.6	15763224
332.7	15767192
332.8	15771136
332.9	15775140
333	15778916
333.1	15782812
333.2	15786644
333.3	15790408
333.4	15794276
333.5	15798276
333.6	15802048
333.7	15806020
333.8	15809884
333.9	15813696
334	15817416
334.1	15821208
334.2	15824996
334.3	15828620
334.4	15832292
334.5	15835976
334.6	15839696
334.7	15843332
334.8	15847252
334.9	15850972
335	15854688
335.1	15858304
335.2	15861948
335.3	15865628
335.4	15869280
335.5	15873140
335.6	15876872
335.7	15880580
335.8	15884080
335.9	15887808
336	15891604
336.1	15895324
336.2	15898912
336.3	15902452
336.4	15906108
336.5	15909812
336.6	15913556
336.7	15917256
336.8	15921088
336.9	15924880
337	15928624
337.1	15932424
337.2	15936264
337.3	15940504
337.4	15944524
337.5	15948312
337.6	15952184
337.7	15956024
337.8	15959852
337.9	15963812
338	15967512
338.1	15971364
338.2	15975044
338.3	15978868
338.4	15982672
338.5	15986496
338.6	15990120
338.7	15994028
338.8	15997840
338.9	16001488
339	16005320
339.1	16009068
339.2	16012876
339.3	16016624
339.4	16020320
339.5	16024084
339.6	16027756
339.7	16031336
339.8	16035248
339.9	16038880
340	16042624
340.1	16046520
340.2	16050160
340.3	16054044
340.4	16057692
340.5	16061444
340.6	16065056
340.7	16068972
340.8	16072632
340.9	16076516
341	16080252
341.1	16083972
341.2	16087740
341.3	16091400
341.4	16095076
341.5	16098940
341.6	16102792
341.7	16106344
341.8	16110320
341.9	16113948
342	16117680
342.1	16121492
342.2	16125276
342.3	16128928
342.4	16132644
342.5	16136384
342.6	16140032
342.7	16143700
342.8	16147372
342.9	16150984
343	16154976
343.1	16158612
343.2	16162544
343.3	16166356
343.4	16170192
343.5	16174168
343.6	16178224
343.7	16182028
343.8	16186124
343.9	16190212
344	16194232
344.1	16198432
344.2	16202408
344.3	16206572
344.4	16210476
344.5	16214340
344.6	16218276
344.7	16222160
344.8	16226048
344.9	16229832
345	16233560
345.1	16237824
345.2	16241600
345.3	16245472
345.4	16249472
345.5	16253308
345.6	16257328
345.7	16261132
345.8	16264804
345.9	16268664
346	16272392
346.1	16276140
346.2	16280032
346.3	16283536
346.4	16287280
346.5	16291052
346.6	16294560
346.7	16298204
346.8	16301960
346.9	16305584
347	16309244
347.1	16312924
347.2	16316776
347.3	16320212
347.4	16324052
347.5	16327584
347.6	16331316
347.7	16334988
347.8	16338888
347.9	16342472
348	16346328
348.1	16349860
348.2	16353340
348.3	16356928
348.4	16360636
348.5	16364376
348.6	16368012
348.7	16371596
348.8	16375312
348.9	16379172
349	16382768
349.1	16386576
349.2	16390212
349.3	16393872
349.4	16397576
349.5	16401268
349.6	16404760
349.7	16408372
349.8	16412164
349.9	16415636
350	16419436
