%  hypsometry data 
%  version 20220701
%  created by Bryce Glenn, Julian Cross, and Maciek Obryk
%  orthometric heights
%  based on local datum (WGS84 +53.4 m)
%  Depth h (m)    Area A Min RIS (m^2)	
24	0
24.1	44
24.2	500
24.3	1640
24.4	4696
24.5	12364
24.6	23340
24.7	33416
24.8	40276
24.9	45380
25	50424
25.1	55388
25.2	60148
25.3	65232
25.4	70304
25.5	75448
25.6	81052
25.7	87528
25.8	94112
25.9	101252
26	110152
26.1	119080
26.2	128172
26.3	138084
26.4	149284
26.5	161796
26.6	176340
26.7	194032
26.8	211888
26.9	230508
27	250868
27.1	271820
27.2	292268
27.3	310664
27.4	327164
27.5	343028
27.6	357828
27.7	373492
27.8	390020
27.9	406892
28	423080
28.1	439976
28.2	459248
28.3	478280
28.4	496236
28.5	513832
28.6	530536
28.7	546848
28.8	562836
28.9	578380
29	594148
29.1	610968
29.2	627800
29.3	646868
29.4	667232
29.5	689604
29.6	714724
29.7	735888
29.8	753580
29.9	769652
30	784484
30.1	799220
30.2	813604
30.3	827840
30.4	841800
30.5	855784
30.6	869272
30.7	882644
30.8	895980
30.9	909328
31	922688
31.1	936252
31.2	949724
31.3	962416
31.4	975368
31.5	987936
31.6	1000372
31.7	1012892
31.8	1025180
31.9	1037780
32	1050156
32.1	1062600
32.2	1074992
32.3	1087252
32.4	1100012
32.5	1112580
32.6	1124924
32.7	1137316
32.8	1149556
32.9	1161468
33	1173648
33.1	1186272
33.2	1199168
33.3	1211956
33.4	1224952
33.5	1237912
33.6	1250948
33.7	1264128
33.8	1276892
33.9	1289492
34	1301912
34.1	1314512
34.2	1327112
34.3	1339124
34.4	1351120
34.5	1362948
34.6	1374716
34.7	1385872
34.8	1397068
34.9	1408360
35	1418824
35.1	1429156
35.2	1439844
35.3	1450304
35.4	1460696
35.5	1471192
35.6	1482000
35.7	1492248
35.8	1502500
35.9	1512620
36	1523316
36.1	1533264
36.2	1543764
36.3	1553812
36.4	1563444
36.5	1573304
36.6	1583112
36.7	1593092
36.8	1602948
36.9	1612792
37	1622180
37.1	1631804
37.2	1641116
37.3	1650812
37.4	1660356
37.5	1669900
37.6	1679292
37.7	1688704
37.8	1698344
37.9	1707536
38	1717140
38.1	1726468
38.2	1736040
38.3	1745428
38.4	1754720
38.5	1764156
38.6	1773288
38.7	1783112
38.8	1792212
38.9	1801508
39	1811300
39.1	1820520
39.2	1829980
39.3	1839472
39.4	1848944
39.5	1858488
39.6	1867760
39.7	1877116
39.8	1886220
39.9	1895644
40	1905168
40.1	1914732
40.2	1924196
40.3	1933328
40.4	1942572
40.5	1951772
40.6	1961208
40.7	1970680
40.8	1979840
40.9	1988884
41	1997752
41.1	2006852
41.2	2015956
41.3	2024708
41.4	2033628
41.5	2042876
41.6	2051292
41.7	2060060
41.8	2068576
41.9	2077520
42	2086396
42.1	2095316
42.2	2104104
42.3	2113068
42.4	2121844
42.5	2130376
42.6	2139436
42.7	2148212
42.8	2157400
42.9	2166216
43	2175280
43.1	2184476
43.2	2193636
43.3	2202848
43.4	2212068
43.5	2221212
43.6	2230540
43.7	2239796
43.8	2248908
43.9	2258096
44	2267108
44.1	2276568
44.2	2285952
44.3	2295528
44.4	2305464
44.5	2315156
44.6	2325296
44.7	2335416
44.8	2345200
44.9	2355036
45	2364516
45.1	2373836
45.2	2383296
45.3	2392712
45.4	2401772
45.5	2411516
45.6	2420964
45.7	2430276
45.8	2439800
45.9	2449316
46	2458556
46.1	2468628
46.2	2478088
46.3	2488132
46.4	2497956
46.5	2507804
46.6	2517912
46.7	2527632
46.8	2537924
46.9	2548168
47	2558304
47.1	2568256
47.2	2577824
47.3	2587520
47.4	2597100
47.5	2606664
47.6	2616128
47.7	2625640
47.8	2635028
47.9	2644572
48	2654492
48.1	2664028
48.2	2674028
48.3	2683652
48.4	2693192
48.5	2702576
48.6	2712548
48.7	2722032
48.8	2731760
48.9	2741444
49	2750884
49.1	2760776
49.2	2770852
49.3	2780952
49.4	2791084
49.5	2800984
49.6	2810784
49.7	2820688
49.8	2830596
49.9	2840636
50	2850824
50.1	2860924
50.2	2870528
50.3	2880764
50.4	2890672
50.5	2900600
50.6	2910704
50.7	2920432
50.8	2930020
50.9	2940104
51	2949540
51.1	2959736
51.2	2969484
51.3	2979204
51.4	2988856
51.5	2998224
51.6	3007768
51.7	3017492
51.8	3027488
51.9	3036872
52	3046692
52.1	3056620
52.2	3065912
52.3	3075836
52.4	3085572
52.5	3095408
52.6	3105424
52.7	3115400
52.8	3125640
52.9	3135668
53	3146092
53.1	3156544
53.2	3167228
53.3	3177960
53.4	3188700
53.5	3199120
53.6	3210312
53.7	3221440
53.8	3232480
53.9	3243900
54	3255348
54.1	3267048
54.2	3278776
54.3	3290948
54.4	3303820
54.5	3316884
54.6	3331504
54.7	3347844
54.8	3363872
54.9	3377808
55	3390256
55.1	3402924
55.2	3414992
55.3	3427140
55.4	3438860
55.5	3450892
55.6	3462360
55.7	3474424
55.8	3486544
55.9	3498688
56	3510044
56.1	3522440
56.2	3535228
56.3	3547940
56.4	3561068
56.5	3574304
56.6	3588376
56.7	3603268
56.8	3619848
56.9	3638200
57	3659648
57.1	3685932
57.2	3712900
57.3	3734388
57.4	3750900
57.5	3765172
57.6	3778744
57.7	3792228
57.8	3804884
57.9	3817308
58	3830160
58.1	3842636
58.2	3855516
58.3	3867972
58.4	3880420
58.5	3892896
58.6	3905452
58.7	3918104
58.8	3930788
58.9	3943700
59	3956668
59.1	3970044
59.2	3983488
59.3	3997240
59.4	4011180
59.5	4024500
59.6	4037564
59.7	4051232
59.8	4063868
59.9	4076984
60	4090020
60.1	4102864
60.2	4116056
60.3	4129636
60.4	4142716
60.5	4155532
60.6	4168160
60.7	4180300
60.8	4192124
60.9	4204088
61	4215728
61.1	4227320
61.2	4239100
61.3	4251056
61.4	4263660
61.5	4276588
61.6	4291132
61.7	4306336
61.8	4320644
61.9	4333728
62	4346132
62.1	4357936
62.2	4369448
62.3	4380624
62.4	4391320
62.5	4401068
62.6	4410392
62.7	4419592
62.8	4428548
62.9	4437004
63	4445352
63.1	4452916
63.2	4460564
63.3	4467416
63.4	4474516
63.5	4481716
63.6	4489404
63.7	4496024
63.8	4502580
63.9	4509380
64	4516048
64.1	4522840
64.2	4529760
64.3	4536764
64.4	4543936
64.5	4551068
64.6	4557932
64.7	4564592
64.8	4571232
64.9	4576504
65	4579844
65.1	4581408
65.2	4582356
65.3	4584280
65.4	4592960
65.5	4603716
65.6	4615004
65.7	4624948
65.8	4634036
65.9	4642540
66	4650396
66.1	4658748
66.2	4666584
66.3	4674092
66.4	4681432
66.5	4689176
66.6	4696432
66.7	4703752
66.8	4710620
66.9	4717732
67	4725004
67.1	4732012
67.2	4739100
67.3	4746240
67.4	4753180
67.5	4760700
67.6	4768208
67.7	4775788
67.8	4783236
67.9	4790612
68	4797788
68.1	4805620
68.2	4812988
68.3	4820552
68.4	4827732
68.5	4834820
68.6	4842368
68.7	4849580
68.8	4857220
68.9	4864680
69	4872164
69.1	4879620
69.2	4886796
69.3	4894260
69.4	4901764
69.5	4909288
69.6	4916248
69.7	4923612
69.8	4930860
69.9	4937908
70	4944876
70.1	4951744
70.2	4958736
70.3	4965688
70.4	4972632
70.5	4979620
70.6	4986836
70.7	4993876
70.8	5001024
70.9	5008252
71	5015556
71.1	5023008
71.2	5030204
71.3	5037672
71.4	5044876
71.5	5052088
71.6	5059332
71.7	5066740
71.8	5074092
71.9	5081468
72	5088864
72.1	5096364
72.2	5103712
72.3	5111264
72.4	5118996
72.5	5126784
72.6	5134620
72.7	5142352
72.8	5150200
72.9	5158072
73	5165820
73.1	5173732
73.2	5181932
73.3	5190456
73.4	5198900
73.5	5207680
73.6	5216380
73.7	5225444
73.8	5234520
73.9	5243752
74	5252812
74.1	5261968
74.2	5271152
74.3	5280472
74.4	5290076
74.5	5299300
74.6	5308140
74.7	5317196
74.8	5325940
74.9	5334496
75	5342988
75.1	5351432
75.2	5359684
75.3	5367768
75.4	5375980
75.5	5384148
75.6	5392240
75.7	5400400
75.8	5408340
75.9	5416716
76	5425160
76.1	5432952
76.2	5441004
76.3	5449736
76.4	5458220
76.5	5466952
76.6	5475808
76.7	5484208
76.8	5492528
76.9	5501516
77	5510396
77.1	5519360
77.2	5528268
77.3	5537312
77.4	5546328
77.5	5555028
77.6	5564092
77.7	5572752
77.8	5581444
77.9	5590272
78	5598740
78.1	5606852
78.2	5617528
78.3	5626936
78.4	5637464
78.5	5647228
78.6	5657120
78.7	5667120
78.8	5677008
78.9	5687132
79	5697384
79.1	5707748
79.2	5717976
79.3	5728480
79.4	5738640
79.5	5748764
79.6	5759076
79.7	5769440
79.8	5779528
79.9	5789996
80	5800144
80.1	5810832
80.2	5821024
80.3	5831560
80.4	5841716
80.5	5852628
80.6	5863288
80.7	5873784
80.8	5883728
80.9	5894084
81	5904388
81.1	5914416
81.2	5924412
81.3	5934132
81.4	5943808
81.5	5953608
81.6	5963496
81.7	5973284
81.8	5983440
81.9	5992804
82	6003092
82.1	6013036
82.2	6023392
82.3	6033640
82.4	6044020
82.5	6054660
82.6	6064988
82.7	6075328
82.8	6085220
82.9	6095296
83	6105468
83.1	6115112
83.2	6124500
83.3	6134124
83.4	6143328
83.5	6152376
83.6	6161408
83.7	6170500
83.8	6179188
83.9	6188652
84	6197884
84.1	6206640
84.2	6215556
84.3	6224564
84.4	6233488
84.5	6242560
84.6	6251800
84.7	6261000
84.8	6270552
84.9	6280168
85	6289992
85.1	6300472
85.2	6311264
85.3	6321940
85.4	6332532
85.5	6343396
85.6	6353828
85.7	6364080
85.8	6373924
85.9	6383804
86	6393532
86.1	6403168
86.2	6412824
86.3	6422932
86.4	6432568
86.5	6441984
86.6	6451428
86.7	6461200
86.8	6470164
86.9	6479824
87	6488956
87.1	6498228
87.2	6507708
87.3	6517468
87.4	6526756
87.5	6535896
87.6	6545584
87.7	6555208
87.8	6564612
87.9	6574180
88	6583884
88.1	6593500
88.2	6603144
88.3	6612988
88.4	6622808
88.5	6632688
88.6	6642200
88.7	6651748
88.8	6661324
88.9	6671000
89	6680656
89.1	6690144
89.2	6699752
89.3	6709516
89.4	6719424
89.5	6729000
89.6	6738940
89.7	6749072
89.8	6759428
89.9	6769872
90	6780432
90.1	6790916
90.2	6801608
90.3	6812428
90.4	6823076
90.5	6833772
90.6	6844088
90.7	6854440
90.8	6864880
90.9	6875356
91	6886036
91.1	6896808
91.2	6907916
91.3	6918352
91.4	6928772
91.5	6939404
91.6	6950264
91.7	6960916
91.8	6971716
91.9	6981912
92	6992244
92.1	7003172
92.2	7014404
92.3	7026060
92.4	7038000
92.5	7049748
92.6	7060880
92.7	7072940
92.8	7084620
92.9	7096000
93	7107328
93.1	7119152
93.2	7130960
93.3	7142588
93.4	7154092
93.5	7165496
93.6	7177668
93.7	7189396
93.8	7201508
93.9	7214160
94	7226316
94.1	7238748
94.2	7251084
94.3	7263188
94.4	7275312
94.5	7287264
94.6	7299084
94.7	7310712
94.8	7322908
94.9	7334496
95	7346652
95.1	7358840
95.2	7371396
95.3	7383836
95.4	7396452
95.5	7409196
95.6	7421616
95.7	7434080
95.8	7446112
95.9	7458604
96	7470804
96.1	7482936
96.2	7494700
96.3	7506764
96.4	7518960
96.5	7530756
96.6	7542148
96.7	7553944
96.8	7566540
96.9	7578228
97	7589912
97.1	7601664
97.2	7613576
97.3	7626028
97.4	7639700
97.5	7656188
97.6	7676896
97.7	7702956
97.8	7734136
97.9	7767956
98	7802120
98.1	7835148
98.2	7865680
98.3	7894532
98.4	7918840
98.5	7939880
98.6	7958572
98.7	7976520
98.8	7993652
98.9	8009988
99	8025248
99.1	8040176
99.2	8054524
99.3	8069208
99.4	8083680
99.5	8097436
99.6	8110212
99.7	8122284
99.8	8134728
99.9	8146960
100	8165412
100.1	8181428
100.2	8196104
100.3	8210684
100.4	8224836
100.5	8239064
100.6	8253408
100.7	8267580
100.8	8281444
100.9	8295700
101	8309936
101.1	8324256
101.2	8338196
101.3	8352196
101.4	8366328
101.5	8380052
101.6	8394216
101.7	8408156
101.8	8422372
101.9	8436348
102	8450860
102.1	8465056
102.2	8479200
102.3	8494196
102.4	8508992
102.5	8524136
102.6	8538880
102.7	8554032
102.8	8569104
102.9	8583964
103	8598924
103.1	8614292
103.2	8629492
103.3	8644776
103.4	8659960
103.5	8675136
103.6	8690640
103.7	8705924
103.8	8721092
103.9	8736732
104	8751372
104.1	8766476
104.2	8781624
104.3	8796900
104.4	8811888
104.5	8827484
104.6	8842916
104.7	8859072
104.8	8875248
104.9	8891440
105	8907880
105.1	8924004
105.2	8939792
105.3	8955684
105.4	8971868
105.5	8988000
105.6	9004172
105.7	9021092
105.8	9037712
105.9	9054616
106	9071504
106.1	9088260
106.2	9104532
106.3	9121128
106.4	9136772
106.5	9152992
106.6	9169460
106.7	9185432
106.8	9201620
106.9	9218272
107	9234528
107.1	9250868
107.2	9267304
107.3	9283856
107.4	9300048
107.5	9315660
107.6	9331716
107.7	9347700
107.8	9364188
107.9	9380428
108	9396320
108.1	9412092
108.2	9427996
108.3	9443664
108.4	9459256
108.5	9474916
108.6	9490572
108.7	9506048
108.8	9521688
108.9	9536784
109	9552424
109.1	9567360
109.2	9582524
109.3	9598036
109.4	9629892
109.5	9662180
109.6	9687036
109.7	9706100
109.8	9723656
109.9	9741208
110	9758304
110.1	9775816
110.2	9792132
110.3	9808740
110.4	9824900
110.5	9841836
110.6	9857960
110.7	9874232
110.8	9890600
110.9	9906932
111	9923056
111.1	9939076
111.2	9955568
111.3	9972432
111.4	9988628
111.5	10005000
111.6	10021760
111.7	10038260
111.8	10054788
111.9	10071296
112	10087360
112.1	10103856
112.2	10120092
112.3	10136332
112.4	10152168
112.5	10168024
112.6	10183904
112.7	10199624
112.8	10215640
112.9	10231236
113	10246776
113.1	10262928
113.2	10278696
113.3	10294896
113.4	10311284
113.5	10327304
113.6	10342768
113.7	10358284
113.8	10373800
113.9	10389760
114	10405432
114.1	10420980
114.2	10437108
114.3	10452808
114.4	10468608
114.5	10484124
114.6	10499532
114.7	10515376
114.8	10531128
114.9	10546804
115	10562892
115.1	10578608
115.2	10594704
115.3	10610460
115.4	10626288
115.5	10642200
115.6	10657768
115.7	10673676
115.8	10690216
115.9	10706544
116	10722892
116.1	10739400
116.2	10755948
116.3	10772212
116.4	10788716
116.5	10804548
116.6	10820500
116.7	10836804
116.8	10853092
116.9	10868980
117	10885092
117.1	10901440
117.2	10917532
117.3	10933824
117.4	10950112
117.5	10966196
117.6	10982556
117.7	10998456
117.8	11014620
117.9	11030628
118	11046724
118.1	11062168
118.2	11077752
118.3	11093892
118.4	11109480
118.5	11124800
118.6	11140684
118.7	11156484
118.8	11172148
118.9	11187576
119	11203260
119.1	11218624
119.2	11233816
119.3	11249096
119.4	11264420
119.5	11279684
119.6	11294788
119.7	11309748
119.8	11324612
119.9	11339776
120	11354932
120.1	11369956
120.2	11385056
120.3	11400324
120.4	11415316
120.5	11430512
120.6	11445416
120.7	11460436
120.8	11474964
120.9	11489892
121	11504440
121.1	11519024
121.2	11533884
121.3	11548540
121.4	11563180
121.5	11577736
121.6	11592524
121.7	11607204
121.8	11622020
121.9	11637052
122	11651640
122.1	11666284
122.2	11681236
122.3	11695964
122.4	11710324
122.5	11724824
122.6	11739080
122.7	11753232
122.8	11767404
122.9	11782000
123	11796700
123.1	11810432
123.2	11824944
123.3	11839428
123.4	11853456
123.5	11867952
123.6	11882056
123.7	11895952
123.8	11910136
123.9	11924064
124	11938240
124.1	11952472
124.2	11966696
124.3	11980824
124.4	11995144
124.5	12008812
124.6	12022860
124.7	12036844
124.8	12050696
124.9	12064512
125	12078332
125.1	12092196
125.2	12106264
125.3	12120456
125.4	12134832
125.5	12149660
125.6	12163832
125.7	12178000
125.8	12192080
125.9	12206564
126	12220900
126.1	12235328
126.2	12249628
126.3	12264176
126.4	12278880
126.5	12293324
126.6	12307656
126.7	12321708
126.8	12335336
126.9	12349080
127	12363364
127.1	12377000
127.2	12390508
127.3	12404192
127.4	12417740
127.5	12431224
127.6	12444512
127.7	12457944
127.8	12470988
127.9	12484412
128	12497720
128.1	12510936
128.2	12523960
128.3	12537000
128.4	12550064
128.5	12563224
128.6	12575956
128.7	12589504
128.8	12602688
128.9	12615972
129	12629568
129.1	12643104
129.2	12656536
129.3	12669920
129.4	12683580
129.5	12697232
129.6	12710772
129.7	12724052
129.8	12737280
129.9	12750904
130	12764576
130.1	12777964
130.2	12791712
130.3	12804920
130.4	12818920
130.5	12832812
130.6	12845996
130.7	12859280
130.8	12872848
130.9	12886380
131	12900132
131.1	12913884
131.2	12927592
131.3	12941244
131.4	12955084
131.5	12968904
131.6	12982360
131.7	12995988
131.8	13010124
131.9	13023748
132	13037364
132.1	13050952
132.2	13064968
132.3	13078796
132.4	13092936
132.5	13106536
132.6	13120520
132.7	13133936
132.8	13147808
132.9	13161544
133	13174920
133.1	13188824
133.2	13202436
133.3	13216340
133.4	13229860
133.5	13243408
133.6	13256428
133.7	13270036
133.8	13283264
133.9	13296528
134	13310224
134.1	13323652
134.2	13337680
134.3	13350936
134.4	13364260
134.5	13377660
134.6	13391092
134.7	13404604
134.8	13417576
134.9	13430948
135	13444152
135.1	13457628
135.2	13471020
135.3	13483980
135.4	13496728
135.5	13509796
135.6	13522608
135.7	13535860
135.8	13548872
135.9	13561476
136	13574480
136.1	13587008
136.2	13599792
136.3	13612260
136.4	13625152
136.5	13637504
136.6	13650028
136.7	13662460
136.8	13675008
136.9	13687264
137	13699748
137.1	13712048
137.2	13724308
137.3	13736628
137.4	13748868
137.5	13761568
137.6	13773964
137.7	13786484
137.8	13799008
137.9	13811692
138	13823960
138.1	13836400
138.2	13849012
138.3	13861632
138.4	13873852
138.5	13886400
138.6	13898524
138.7	13910840
138.8	13922920
138.9	13935416
139	13948092
139.1	13960048
139.2	13972420
139.3	13984736
139.4	13997212
139.5	14009548
139.6	14021756
139.7	14034040
139.8	14046596
139.9	14058880
140	14071516
140.1	14083956
140.2	14096292
140.3	14108604
140.4	14121152
140.5	14133852
140.6	14146624
140.7	14159716
140.8	14172612
140.9	14185392
141	14198516
141.1	14211408
141.2	14224560
141.3	14237396
141.4	14249920
141.5	14262908
141.6	14275820
141.7	14288900
141.8	14301724
141.9	14314004
142	14326880
142.1	14339844
142.2	14352512
142.3	14365108
142.4	14377820
142.5	14390672
142.6	14403340
142.7	14416284
142.8	14428980
142.9	14441700
143	14454752
143.1	14467324
143.2	14480340
143.3	14493860
143.4	14506704
143.5	14519680
143.6	14533040
143.7	14546280
143.8	14559304
143.9	14572412
144	14585200
144.1	14598356
144.2	14610984
144.3	14624376
144.4	14637528
144.5	14650244
144.6	14663452
144.7	14676476
144.8	14689472
144.9	14702300
145	14715448
145.1	14728160
145.2	14741252
145.3	14754124
145.4	14767060
145.5	14779888
145.6	14792456
145.7	14805284
145.8	14817968
145.9	14831100
146	14844224
146.1	14857932
146.2	14870632
146.3	14883508
146.4	14896156
146.5	14908560
146.6	14920984
146.7	14933380
146.8	14946204
146.9	14958516
147	14971092
147.1	14983268
147.2	14995208
147.3	15007912
147.4	15020264
147.5	15032380
147.6	15045160
147.7	15057532
147.8	15069936
147.9	15082204
148	15094868
148.1	15107384
148.2	15120044
148.3	15132236
148.4	15144408
148.5	15156592
148.6	15169384
148.7	15181772
148.8	15194216
148.9	15206496
149	15219652
149.1	15232196
149.2	15244420
149.3	15257016
149.4	15269696
149.5	15282504
149.6	15295312
149.7	15308068
149.8	15320780
149.9	15333504
150	15346364
150.1	15359388
150.2	15372264
150.3	15385160
150.4	15397796
150.5	15410576
150.6	15423228
150.7	15436048
150.8	15448916
150.9	15461664
151	15474392
151.1	15487180
151.2	15499876
151.3	15512576
151.4	15525044
151.5	15537968
151.6	15550428
151.7	15563612
151.8	15576604
151.9	15589064
152	15602040
152.1	15615012
152.2	15627848
152.3	15640816
152.4	15653532
152.5	15666236
152.6	15679272
152.7	15692136
152.8	15705424
152.9	15718244
153	15731180
153.1	15744128
153.2	15757440
153.3	15770240
153.4	15783236
153.5	15796556
153.6	15810024
153.7	15822684
153.8	15835868
153.9	15848672
154	15861792
154.1	15875228
154.2	15888404
154.3	15902180
154.4	15915588
154.5	15928900
154.6	15941804
154.7	15954924
154.8	15968236
154.9	15981484
155	15994720
155.1	16007648
155.2	16019976
155.3	16033316
155.4	16046128
155.5	16058780
155.6	16071724
155.7	16084548
155.8	16097344
155.9	16110488
156	16123560
156.1	16136468
156.2	16149728
156.3	16162864
156.4	16175944
156.5	16189240
156.6	16202392
156.7	16215848
156.8	16229400
156.9	16242376
157	16255500
157.1	16269036
157.2	16282596
157.3	16295776
157.4	16308700
157.5	16321344
157.6	16334276
157.7	16347276
157.8	16360292
157.9	16373584
158	16386724
158.1	16399616
158.2	16412680
158.3	16425688
158.4	16438404
158.5	16451324
158.6	16464212
158.7	16476792
158.8	16489340
158.9	16502016
159	16514648
159.1	16527264
159.2	16539948
159.3	16552524
159.4	16565148
159.5	16577672
159.6	16590260
159.7	16602800
159.8	16615072
159.9	16627132
160	16639732
160.1	16652516
160.2	16665012
160.3	16677184
160.4	16689436
160.5	16701464
160.6	16713884
160.7	16726112
160.8	16738496
160.9	16751044
161	16763456
161.1	16775868
161.2	16788040
161.3	16800632
161.4	16813448
161.5	16825924
161.6	16838320
161.7	16850972
161.8	16863396
161.9	16875920
162	16888604
162.1	16900824
162.2	16913388
162.3	16925628
162.4	16937812
162.5	16950420
162.6	16962952
162.7	16975740
162.8	16988168
162.9	17000488
163	17013212
163.1	17025544
163.2	17038204
163.3	17051504
163.4	17064504
163.5	17077344
163.6	17090352
163.7	17103236
163.8	17115728
163.9	17127920
164	17140692
164.1	17152892
164.2	17165168
164.3	17177408
164.4	17189908
164.5	17201896
164.6	17214312
164.7	17226920
164.8	17239672
164.9	17251712
165	17264004
165.1	17276496
165.2	17289308
165.3	17301980
165.4	17314340
165.5	17327024
165.6	17339568
165.7	17351976
165.8	17364492
165.9	17377160
166	17389404
166.1	17401676
166.2	17414624
166.3	17427204
166.4	17439528
166.5	17452184
166.6	17464408
166.7	17476892
166.8	17489500
166.9	17501824
167	17513768
167.1	17526232
167.2	17538792
167.3	17550816
167.4	17563152
167.5	17575436
167.6	17587432
167.7	17599868
167.8	17612452
167.9	17624872
168	17637156
168.1	17649524
168.2	17662096
168.3	17674368
168.4	17686716
168.5	17699236
168.6	17711808
168.7	17724620
168.8	17737212
168.9	17750040
169	17762852
169.1	17775696
169.2	17788596
169.3	17801276
169.4	17814288
169.5	17827380
169.6	17840364
169.7	17853164
169.8	17866032
169.9	17878448
170	17891284
170.1	17903988
170.2	17916556
170.3	17929100
170.4	17941788
170.5	17954644
170.6	17967204
170.7	17979828
170.8	17992508
170.9	18005336
171	18017972
171.1	18030912
171.2	18044056
171.3	18057244
171.4	18070412
171.5	18083868
171.6	18097220
171.7	18110560
171.8	18123604
171.9	18136448
172	18149596
172.1	18162820
172.2	18176200
172.3	18189392
172.4	18202328
172.5	18215568
172.6	18228964
172.7	18242068
172.8	18255200
172.9	18268260
173	18281444
173.1	18294608
173.2	18307680
173.3	18321280
173.4	18333976
173.5	18347192
173.6	18360328
173.7	18373728
173.8	18387424
173.9	18401064
174	18414344
174.1	18427308
174.2	18440140
174.3	18452916
174.4	18465312
174.5	18478548
174.6	18490988
174.7	18503892
174.8	18516644
174.9	18529480
175	18542132
175.1	18555096
175.2	18568024
175.3	18581104
175.4	18594312
175.5	18607216
175.6	18619964
175.7	18632828
175.8	18645592
175.9	18658732
176	18671392
176.1	18684456
176.2	18696880
176.3	18709656
176.4	18722740
176.5	18735488
176.6	18748356
176.7	18761284
176.8	18774028
176.9	18787128
177	18800388
177.1	18813212
177.2	18826100
177.3	18838676
177.4	18851568
177.5	18864520
177.6	18877552
177.7	18890668
177.8	18903336
177.9	18916112
178	18928832
178.1	18941380
178.2	18953816
178.3	18966692
178.4	18979604
178.5	18992364
178.6	19005248
178.7	19017888
178.8	19030308
178.9	19043280
179	19056060
179.1	19069072
179.2	19081892
179.3	19094836
179.4	19107412
179.5	19120404
179.6	19133556
179.7	19146916
179.8	19159716
179.9	19172540
180	19186464
180.1	19199520
180.2	19213104
180.3	19226712
180.4	19240252
180.5	19253828
180.6	19267496
180.7	19281200
180.8	19294280
180.9	19307776
181	19321156
181.1	19334124
181.2	19347428
181.3	19360884
181.4	19374316
181.5	19387824
181.6	19400820
181.7	19414524
181.8	19427816
181.9	19441208
182	19455128
182.1	19468920
182.2	19481916
182.3	19495760
182.4	19509452
182.5	19522984
182.6	19536388
182.7	19549740
182.8	19563276
182.9	19577000
183	19590692
183.1	19604256
183.2	19617912
183.3	19631596
183.4	19645456
183.5	19658860
183.6	19672880
183.7	19686048
183.8	19699648
183.9	19713232
184	19726712
184.1	19740264
184.2	19754108
184.3	19767856
184.4	19781200
184.5	19794528
184.6	19807928
184.7	19821300
184.8	19834528
184.9	19848160
185	19861440
185.1	19875144
185.2	19888832
185.3	19902532
185.4	19916120
185.5	19929524
185.6	19943024
185.7	19956824
185.8	19970244
185.9	19983552
186	19997248
186.1	20011032
186.2	20024212
186.3	20037840
186.4	20051292
186.5	20064960
186.6	20078568
186.7	20091904
186.8	20105560
186.9	20118988
187	20132544
187.1	20146284
187.2	20160504
187.3	20174400
187.4	20188140
187.5	20201724
187.6	20215332
187.7	20229332
187.8	20243064
187.9	20256920
188	20270740
188.1	20284516
188.2	20298680
188.3	20312916
188.4	20326640
188.5	20340432
188.6	20354052
188.7	20367372
188.8	20381028
188.9	20394100
189	20407692
189.1	20420740
189.2	20434160
189.3	20447704
189.4	20461040
189.5	20474476
189.6	20487516
189.7	20500744
189.8	20514220
189.9	20527852
190	20540860
190.1	20554512
190.2	20568008
190.3	20581436
190.4	20595296
190.5	20608920
190.6	20622768
190.7	20635836
190.8	20649456
190.9	20663056
191	20676644
191.1	20689992
191.2	20703616
191.3	20717076
191.4	20730764
191.5	20744644
191.6	20758276
191.7	20772168
191.8	20785936
191.9	20800016
192	20813904
192.1	20827664
192.2	20841648
192.3	20855732
192.4	20869608
192.5	20883512
192.6	20897564
192.7	20911428
192.8	20925392
192.9	20940016
193	20954624
193.1	20969180
193.2	20983504
193.3	20997700
193.4	21012000
193.5	21026004
193.6	21040304
193.7	21054720
193.8	21068692
193.9	21082904
194	21097376
194.1	21111392
194.2	21125872
194.3	21140668
194.4	21155700
194.5	21170476
194.6	21185352
194.7	21199880
194.8	21214856
194.9	21230028
195	21244404
195.1	21259100
195.2	21273416
195.3	21288564
195.4	21302628
195.5	21317784
195.6	21331704
195.7	21345940
195.8	21359968
195.9	21373784
196	21388220
196.1	21402352
196.2	21416268
196.3	21430100
196.4	21443856
196.5	21458132
196.6	21472228
196.7	21486016
196.8	21499672
196.9	21513232
197	21527204
197.1	21540868
197.2	21554840
197.3	21568388
197.4	21581896
197.5	21595464
197.6	21609240
197.7	21622932
197.8	21636784
197.9	21650396
198	21663784
198.1	21677600
198.2	21691108
198.3	21704572
198.4	21718352
198.5	21732180
198.6	21745620
198.7	21759304
198.8	21772884
198.9	21787072
199	21801092
199.1	21814872
199.2	21828076
199.3	21841596
199.4	21855444
199.5	21868592
199.6	21881396
199.7	21895000
199.8	21907788
199.9	21921344
200	21934436
200.1	21947240
200.2	21960696
200.3	21974076
200.4	21987320
200.5	22000392
200.6	22013324
200.7	22026012
200.8	22039196
200.9	22052220
201	22065208
201.1	22078176
201.2	22090960
201.3	22103440
201.4	22116160
201.5	22129436
201.6	22142504
201.7	22155292
201.8	22168484
201.9	22181432
202	22194596
202.1	22207284
202.2	22220596
202.3	22233604
202.4	22246676
202.5	22259704
202.6	22272680
202.7	22285820
202.8	22299256
202.9	22312648
203	22325880
203.1	22339184
203.2	22352884
203.3	22366600
203.4	22380208
203.5	22393928
203.6	22407472
203.7	22421740
203.8	22435488
203.9	22448916
204	22462548
204.1	22475932
204.2	22489676
204.3	22502804
204.4	22516104
204.5	22529408
204.6	22542740
204.7	22556212
204.8	22569836
204.9	22583368
205	22597312
205.1	22611052
205.2	22624524
205.3	22638168
205.4	22651448
205.5	22665424
205.6	22679488
205.7	22692916
205.8	22706836
205.9	22720568
206	22734236
206.1	22748380
206.2	22762320
206.3	22776004
206.4	22789968
206.5	22803912
206.6	22817984
206.7	22831952
206.8	22845840
206.9	22859780
207	22873776
207.1	22887772
207.2	22901556
207.3	22915200
207.4	22928656
207.5	22942720
207.6	22956996
207.7	22970988
207.8	22984940
207.9	22998872
208	23012432
208.1	23026260
208.2	23040168
208.3	23054216
208.4	23068008
208.5	23082040
208.6	23095736
208.7	23109708
208.8	23123512
208.9	23137648
209	23151396
209.1	23165044
209.2	23178912
209.3	23193008
209.4	23206824
209.5	23220660
209.6	23234352
209.7	23248716
209.8	23262620
209.9	23276724
210	23290700
210.1	23305620
210.2	23319796
210.3	23334580
210.4	23349056
210.5	23363272
210.6	23378184
210.7	23393208
210.8	23407424
210.9	23421844
211	23436080
211.1	23450392
211.2	23464848
211.3	23479464
211.4	23493624
211.5	23507732
211.6	23522412
211.7	23537036
211.8	23551532
211.9	23565600
212	23579720
212.1	23593812
212.2	23607884
212.3	23621808
212.4	23635368
212.5	23649140
212.6	23663224
212.7	23676528
212.8	23690260
212.9	23704164
213	23717632
213.1	23731352
213.2	23745000
213.3	23758948
213.4	23772288
213.5	23785904
213.6	23799552
213.7	23812956
213.8	23826692
213.9	23839928
214	23853340
214.1	23866776
214.2	23880008
214.3	23893584
214.4	23907180
214.5	23920548
214.6	23933764
214.7	23947204
214.8	23960492
214.9	23974252
215	23987432
215.1	24001016
215.2	24014648
215.3	24028232
215.4	24041664
215.5	24054820
215.6	24068600
215.7	24081952
215.8	24095480
215.9	24109096
216	24122272
216.1	24135804
216.2	24148972
216.3	24162388
216.4	24175312
216.5	24188548
216.6	24201844
216.7	24214848
216.8	24228308
216.9	24241300
217	24254524
217.1	24268020
217.2	24281116
217.3	24294328
217.4	24307644
217.5	24321144
217.6	24334504
217.7	24347848
217.8	24361296
217.9	24374720
218	24388100
218.1	24401528
218.2	24414860
218.3	24428504
218.4	24441980
218.5	24455964
218.6	24469400
218.7	24482772
218.8	24496380
218.9	24509812
219	24523312
219.1	24536944
219.2	24550480
219.3	24563908
219.4	24577408
219.5	24590928
219.6	24604456
219.7	24618148
219.8	24631612
219.9	24645224
220	24658612
220.1	24672400
220.2	24685736
220.3	24699120
220.4	24712592
220.5	24726184
220.6	24739940
220.7	24753700
220.8	24767136
220.9	24780768
221	24794028
221.1	24807276
221.2	24821216
221.3	24834700
221.4	24848104
221.5	24861940
221.6	24875768
221.7	24889168
221.8	24902200
221.9	24915872
222	24929252
222.1	24942344
222.2	24955392
222.3	24968640
222.4	24981676
222.5	24995320
222.6	25008056
222.7	25021100
222.8	25033656
222.9	25046452
223	25059352
223.1	25072108
223.2	25085644
223.3	25098636
223.4	25111516
223.5	25124672
223.6	25137748
223.7	25150712
223.8	25163632
223.9	25176756
224	25189492
224.1	25202516
224.2	25215148
224.3	25228428
224.4	25241272
224.5	25254464
224.6	25267252
224.7	25279636
224.8	25292532
224.9	25305788
225	25318148
225.1	25331248
225.2	25344100
225.3	25357376
225.4	25369904
225.5	25382700
225.6	25395612
225.7	25408624
225.8	25421880
225.9	25434764
226	25447224
226.1	25460192
226.2	25473024
226.3	25485784
226.4	25498652
226.5	25511596
226.6	25524284
226.7	25536992
226.8	25549568
226.9	25562372
227	25574944
227.1	25587772
227.2	25600548
227.3	25613524
227.4	25625992
227.5	25638596
227.6	25651184
227.7	25663960
227.8	25676836
227.9	25690204
228	25703076
228.1	25715736
228.2	25728492
228.3	25741500
228.4	25754332
228.5	25767140
228.6	25780236
228.7	25793208
228.8	25805836
228.9	25818816
229	25831948
229.1	25844716
229.2	25857624
229.3	25870196
229.4	25883192
229.5	25895500
229.6	25908528
229.7	25921436
229.8	25934192
229.9	25947080
230	25959356
230.1	25971792
230.2	25984328
230.3	25997132
230.4	26009676
230.5	26022464
230.6	26034980
230.7	26047644
230.8	26060192
230.9	26072660
231	26085504
231.1	26098532
231.2	26111192
231.3	26123772
231.4	26136480
231.5	26149320
231.6	26162132
231.7	26174956
231.8	26187768
231.9	26200164
232	26212532
232.1	26225564
232.2	26238600
232.3	26251352
232.4	26264012
232.5	26276712
232.6	26289544
232.7	26302308
232.8	26314836
232.9	26327108
233	26339916
233.1	26352548
233.2	26365076
233.3	26378048
233.4	26390660
233.5	26403288
233.6	26416048
233.7	26428420
233.8	26441184
233.9	26453776
234	26466200
234.1	26478564
234.2	26491004
234.3	26503744
234.4	26516228
234.5	26528816
234.6	26541100
234.7	26553644
234.8	26566164
234.9	26578772
235	26591280
235.1	26603752
235.2	26616688
235.3	26629076
235.4	26641452
235.5	26654140
235.6	26666944
235.7	26679672
235.8	26692572
235.9	26705308
236	26718432
236.1	26731164
236.2	26743576
236.3	26756636
236.4	26769648
236.5	26782676
236.6	26795384
236.7	26808520
236.8	26821340
236.9	26834708
237	26847512
237.1	26860524
237.2	26873472
237.3	26886512
237.4	26899208
237.5	26912084
237.6	26925076
237.7	26937752
237.8	26950396
237.9	26963236
238	26976220
238.1	26989176
238.2	27002088
238.3	27015360
238.4	27028148
238.5	27041272
238.6	27054344
238.7	27067264
238.8	27080140
238.9	27093156
239	27106212
239.1	27119400
239.2	27132004
239.3	27145092
239.4	27157912
239.5	27171000
239.6	27184176
239.7	27197064
239.8	27209948
239.9	27223100
240	27236044
240.1	27248940
240.2	27261872
240.3	27274976
240.4	27288220
240.5	27301052
240.6	27314048
240.7	27326828
240.8	27339840
240.9	27352572
241	27365624
241.1	27379008
241.2	27391688
241.3	27404376
241.4	27417644
241.5	27430796
241.6	27443648
241.7	27456924
241.8	27470120
241.9	27483520
242	27496480
242.1	27509568
242.2	27522424
242.3	27535616
242.4	27548536
242.5	27561944
242.6	27575344
242.7	27588444
242.8	27601632
242.9	27615140
243	27628076
243.1	27641044
243.2	27654020
243.3	27666952
243.4	27679864
243.5	27692436
243.6	27705492
243.7	27718596
243.8	27731460
243.9	27744496
244	27757488
244.1	27770204
244.2	27783000
244.3	27795896
244.4	27808700
244.5	27822372
244.6	27835740
244.7	27848864
244.8	27862276
244.9	27875576
245	27888980
245.1	27902104
245.2	27915012
245.3	27928512
245.4	27941452
245.5	27955092
245.6	27968240
245.7	27981520
245.8	27994964
245.9	28008708
246	28022164
246.1	28035232
246.2	28048132
246.3	28061748
246.4	28074884
246.5	28088180
246.6	28101516
246.7	28114672
246.8	28127852
246.9	28141404
247	28154608
247.1	28167848
247.2	28181372
247.3	28194784
247.4	28207876
247.5	28221312
247.6	28234224
247.7	28247672
247.8	28261108
247.9	28274868
248	28288124
248.1	28301356
248.2	28315092
248.3	28328332
248.4	28341784
248.5	28355100
248.6	28368156
248.7	28381680
248.8	28394876
248.9	28408424
249	28421724
249.1	28435476
249.2	28448824
249.3	28462116
249.4	28475996
249.5	28489384
249.6	28502724
249.7	28516156
249.8	28529456
249.9	28542856
250	28556264
250.1	28569868
250.2	28583576
250.3	28597316
250.4	28610968
250.5	28624924
250.6	28638764
250.7	28652616
250.8	28666556
250.9	28680472
251	28694568
251.1	28708560
251.2	28722508
251.3	28736088
251.4	28750200
251.5	28764024
251.6	28777832
251.7	28792272
251.8	28805896
251.9	28819952
252	28834056
252.1	28848288
252.2	28862484
252.3	28876600
252.4	28890964
252.5	28904940
252.6	28919464
252.7	28933956
252.8	28948428
252.9	28963240
253	28977756
253.1	28992208
253.2	29006644
253.3	29021196
253.4	29035928
253.5	29050728
253.6	29065672
253.7	29080396
253.8	29095496
253.9	29110236
254	29125216
254.1	29139980
254.2	29154504
254.3	29169228
254.4	29183628
254.5	29198896
254.6	29213880
254.7	29228932
254.8	29243988
254.9	29259080
255	29274068
255.1	29289128
255.2	29303344
255.3	29317724
255.4	29332364
255.5	29347244
255.6	29362084
255.7	29377384
255.8	29392584
255.9	29407768
256	29423132
256.1	29438216
256.2	29453084
256.3	29468164
256.4	29482784
256.5	29497180
256.6	29511376
256.7	29525752
256.8	29540436
256.9	29554548
257	29568676
257.1	29583024
257.2	29597480
257.3	29611996
257.4	29626308
257.5	29640692
257.6	29655656
257.7	29670248
257.8	29684736
257.9	29699548
258	29714252
258.1	29731076
258.2	29747184
258.3	29762376
258.4	29777908
258.5	29793344
258.6	29808328
258.7	29823040
258.8	29837612
258.9	29852036
259	29866888
259.1	29881536
259.2	29896416
259.3	29911260
259.4	29926036
259.5	29940764
259.6	29955684
259.7	29970652
259.8	29985472
259.9	30000156
260	30014984
260.1	30029876
260.2	30044756
260.3	30059412
260.4	30074688
260.5	30090160
260.6	30105864
260.7	30121164
260.8	30136772
260.9	30151652
261	30167184
261.1	30182028
261.2	30197252
261.3	30212276
261.4	30227388
261.5	30242608
261.6	30257820
261.7	30272300
261.8	30287416
261.9	30302760
262	30317764
262.1	30333256
262.2	30348676
262.3	30363596
262.4	30378596
262.5	30393468
262.6	30408492
262.7	30423636
262.8	30438712
262.9	30453368
263	30468308
263.1	30482924
263.2	30497804
263.3	30512204
263.4	30526744
263.5	30541360
263.6	30556028
263.7	30570664
263.8	30585696
263.9	30600368
264	30615004
264.1	30629316
264.2	30643968
264.3	30658192
264.4	30672968
264.5	30687748
264.6	30702524
264.7	30717184
264.8	30731304
264.9	30745832
265	30760956
265.1	30775668
265.2	30790972
265.3	30806008
265.4	30821168
265.5	30836292
265.6	30851476
265.7	30866404
265.8	30881500
265.9	30896520
266	30910920
266.1	30925536
266.2	30940200
266.3	30955012
266.4	30969468
266.5	30983984
266.6	30998800
266.7	31013312
266.8	31027816
266.9	31042052
267	31056468
267.1	31071032
267.2	31085428
267.3	31099772
267.4	31114576
267.5	31129248
267.6	31143832
267.7	31158260
267.8	31172920
267.9	31187524
268	31202052
268.1	31216544
268.2	31231244
268.3	31246080
268.4	31261000
268.5	31276264
268.6	31291068
268.7	31306560
268.8	31321692
268.9	31336944
269	31352432
269.1	31367840
269.2	31383676
269.3	31398560
269.4	31413516
269.5	31428564
269.6	31443772
269.7	31459148
269.8	31473636
269.9	31488696
270	31503756
270.1	31518964
270.2	31534168
270.3	31549292
270.4	31564568
270.5	31579440
270.6	31594532
270.7	31609528
270.8	31624320
270.9	31639080
271	31654176
271.1	31669916
271.2	31685216
271.3	31700248
271.4	31715704
271.5	31730556
271.6	31745336
271.7	31760600
271.8	31775504
271.9	31790732
272	31805660
272.1	31820756
272.2	31835900
272.3	31851024
272.4	31865920
272.5	31880864
272.6	31896104
272.7	31910644
272.8	31925844
272.9	31940760
273	31955832
273.1	31970996
273.2	31986484
273.3	32001752
273.4	32016728
273.5	32031796
273.6	32046952
273.7	32062044
273.8	32077428
273.9	32093128
274	32108728
274.1	32124332
274.2	32140060
274.3	32155560
274.4	32171108
274.5	32186792
274.6	32202404
274.7	32218236
274.8	32234172
274.9	32249984
275	32265272
275.1	32280792
275.2	32296268
275.3	32311660
275.4	32327080
275.5	32342788
275.6	32358708
275.7	32374484
275.8	32390168
275.9	32405916
276	32421544
276.1	32436904
276.2	32452748
276.3	32468416
276.4	32484016
276.5	32499560
276.6	32514768
276.7	32530404
276.8	32545504
276.9	32561028
277	32576748
277.1	32592216
277.2	32607896
277.3	32623500
277.4	32639248
277.5	32655336
277.6	32671704
277.7	32687520
277.8	32704444
277.9	32720640
278	32737032
278.1	32753264
278.2	32769748
278.3	32786036
278.4	32802336
278.5	32818740
278.6	32835024
278.7	32851172
278.8	32867084
278.9	32883276
279	32899492
279.1	32915396
279.2	32931320
279.3	32946968
279.4	32962880
279.5	32978708
279.6	32994928
279.7	33010756
279.8	33026676
279.9	33042672
280	33059024
280.1	33075008
280.2	33091348
280.3	33107284
280.4	33122712
280.5	33138308
280.6	33154056
280.7	33169864
280.8	33185240
280.9	33200932
281	33217020
281.1	33232592
281.2	33248080
281.3	33263712
281.4	33279900
281.5	33295076
281.6	33311052
281.7	33326792
281.8	33342860
281.9	33358456
282	33374856
282.1	33390768
282.2	33406476
282.3	33422500
282.4	33438324
282.5	33453916
282.6	33469692
282.7	33485448
282.8	33501220
282.9	33517188
283	33532900
283.1	33548384
283.2	33563776
283.3	33579232
283.4	33594588
283.5	33610084
283.6	33625160
283.7	33640992
283.8	33657360
283.9	33672700
284	33688352
284.1	33703792
284.2	33719624
284.3	33735688
284.4	33751272
284.5	33766764
284.6	33782192
284.7	33797908
284.8	33813756
284.9	33829524
285	33845352
285.1	33860704
285.2	33876368
285.3	33892176
285.4	33907752
285.5	33923448
285.6	33939356
285.7	33954720
285.8	33970620
285.9	33985988
286	34001324
286.1	34017220
286.2	34032596
286.3	34047812
286.4	34063412
286.5	34078588
286.6	34093600
286.7	34108740
286.8	34123900
286.9	34139064
287	34154396
287.1	34169468
287.2	34183972
287.3	34199256
287.4	34214440
287.5	34230044
287.6	34244832
287.7	34259728
287.8	34275116
287.9	34289816
288	34304968
288.1	34320356
288.2	34335784
288.3	34350964
288.4	34365920
288.5	34381136
288.6	34396084
288.7	34411308
288.8	34426204
288.9	34441500
289	34456380
289.1	34471180
289.2	34486384
289.3	34501872
289.4	34516960
289.5	34532004
289.6	34547092
289.7	34562556
289.8	34578476
289.9	34593292
290	34608720
290.1	34623524
290.2	34638872
290.3	34654288
290.4	34669432
290.5	34684180
290.6	34699380
290.7	34714364
290.8	34729748
290.9	34744968
291	34760048
291.1	34775232
291.2	34790164
291.3	34804980
291.4	34819616
291.5	34834540
291.6	34849472
291.7	34864120
291.8	34878904
291.9	34894160
292	34909076
292.1	34924172
292.2	34939196
292.3	34954116
292.4	34969408
292.5	34984628
292.6	35000092
292.7	35015436
292.8	35030664
292.9	35045444
293	35060448
293.1	35075440
293.2	35090656
293.3	35105992
293.4	35120904
293.5	35136092
293.6	35150992
293.7	35166256
293.8	35181284
293.9	35196068
294	35211184
294.1	35226020
294.2	35241208
294.3	35256004
294.4	35270844
294.5	35285588
294.6	35300504
294.7	35315008
294.8	35330088
294.9	35345108
295	35360184
295.1	35375248
295.2	35390300
295.3	35405608
295.4	35420876
295.5	35436052
295.6	35451372
295.7	35466864
295.8	35481860
295.9	35497240
296	35512240
296.1	35528164
296.2	35543988
296.3	35559540
296.4	35574672
296.5	35589780
296.6	35605100
296.7	35619976
296.8	35635324
296.9	35650152
297	35664844
297.1	35679476
297.2	35694512
297.3	35709056
297.4	35723912
297.5	35738444
297.6	35753064
297.7	35767776
297.8	35782424
297.9	35796764
298	35811272
298.1	35825860
298.2	35840684
298.3	35855412
298.4	35869472
298.5	35883888
298.6	35898176
298.7	35912668
298.8	35927456
298.9	35941812
299	35956312
299.1	35970980
299.2	35985380
299.3	35999908
299.4	36014420
299.5	36028584
299.6	36043512
299.7	36058252
299.8	36072568
299.9	36087288
300	36101932
300.1	36116768
300.2	36131196
300.3	36145384
300.4	36159944
300.5	36174468
300.6	36188936
300.7	36203292
300.8	36217588
300.9	36232016
301	36246252
301.1	36260620
301.2	36275300
301.3	36289372
301.4	36303656
301.5	36318028
301.6	36332124
301.7	36346240
301.8	36360548
301.9	36375004
302	36389296
302.1	36403388
302.2	36417636
302.3	36431844
302.4	36446036
302.5	36460036
302.6	36474240
302.7	36488368
302.8	36502524
302.9	36516696
303	36530908
303.1	36545288
303.2	36559424
303.3	36573676
303.4	36587960
303.5	36602332
303.6	36616432
303.7	36630792
303.8	36645384
303.9	36659832
304	36673868
304.1	36688496
304.2	36702768
304.3	36717056
304.4	36731248
304.5	36745276
304.6	36759828
304.7	36774636
304.8	36789016
304.9	36802804
305	36816956
305.1	36831488
305.2	36845512
305.3	36860132
305.4	36874232
305.5	36888460
305.6	36903076
305.7	36917484
305.8	36931836
305.9	36946328
306	36960084
306.1	36974380
306.2	36988664
306.3	37002968
306.4	37017332
306.5	37031592
306.6	37046164
306.7	37060552
306.8	37074796
306.9	37088936
307	37103156
307.1	37117836
307.2	37132068
307.3	37146384
307.4	37160704
307.5	37174880
307.6	37189284
307.7	37203264
307.8	37217540
307.9	37231992
308	37246220
308.1	37260236
308.2	37274612
308.3	37289036
308.4	37303256
308.5	37317480
308.6	37331784
308.7	37345568
308.8	37359752
308.9	37374468
309	37388616
309.1	37403004
309.2	37417636
309.3	37431648
309.4	37445920
309.5	37460564
309.6	37474568
309.7	37488932
309.8	37503440
309.9	37517896
310	37532404
310.1	37546932
310.2	37561568
310.3	37576340
310.4	37590800
310.5	37605212
310.6	37619828
310.7	37634296
310.8	37648528
310.9	37662852
311	37677480
311.1	37692180
311.2	37706960
311.3	37721396
311.4	37736136
311.5	37750488
311.6	37764680
311.7	37779496
311.8	37794248
311.9	37808728
312	37823064
312.1	37837380
312.2	37851792
312.3	37866404
312.4	37880708
312.5	37895464
312.6	37910036
312.7	37924844
312.8	37939224
312.9	37953548
313	37967952
313.1	37982268
313.2	37997008
313.3	38011404
313.4	38025804
313.5	38039896
313.6	38054524
313.7	38069140
313.8	38083896
313.9	38098268
314	38112692
314.1	38127112
314.2	38141952
314.3	38156088
314.4	38170604
314.5	38185632
314.6	38200960
314.7	38216068
314.8	38230776
314.9	38245540
315	38260736
315.1	38275564
315.2	38290232
315.3	38304960
315.4	38320100
315.5	38334548
315.6	38349652
315.7	38364652
315.8	38379456
315.9	38394456
316	38409620
316.1	38424652
316.2	38439340
316.3	38454252
316.4	38469200
316.5	38484512
316.6	38499568
316.7	38514864
316.8	38530120
316.9	38545568
317	38560852
317.1	38576520
317.2	38592076
317.3	38607872
317.4	38624008
317.5	38640544
317.6	38656612
317.7	38672700
317.8	38688772
317.9	38704772
318	38720780
318.1	38737124
318.2	38753008
318.3	38768952
318.4	38785040
318.5	38800812
318.6	38816948
318.7	38832988
318.8	38849104
318.9	38865192
319	38881376
319.1	38897532
319.2	38914060
319.3	38930548
319.4	38947288
319.5	38964032
319.6	38980984
319.7	38997788
319.8	39014436
319.9	39030984
320	39047708
320.1	39064392
320.2	39080992
320.3	39097476
320.4	39113676
320.5	39129628
320.6	39145620
320.7	39161872
320.8	39178144
320.9	39194424
321	39210456
321.1	39226636
321.2	39242728
321.3	39258736
321.4	39274400
321.5	39290488
321.6	39306664
321.7	39322544
321.8	39338424
321.9	39354828
322	39370656
322.1	39386488
322.2	39402272
322.3	39418464
322.4	39434180
322.5	39449964
322.6	39465768
322.7	39481848
322.8	39497612
322.9	39513848
323	39529368
323.1	39545248
323.2	39560836
323.3	39576620
323.4	39592876
323.5	39608560
323.6	39624368
323.7	39639688
323.8	39655724
323.9	39671488
324	39687228
324.1	39703076
324.2	39718768
324.3	39734184
324.4	39750196
324.5	39765504
324.6	39781056
324.7	39796836
324.8	39812596
324.9	39828364
325	39844128
325.1	39859868
325.2	39875684
325.3	39891264
325.4	39907100
325.5	39922748
325.6	39938580
325.7	39954448
325.8	39970244
325.9	39986004
326	40002016
326.1	40018032
326.2	40034404
326.3	40050516
326.4	40066344
326.5	40082332
326.6	40097876
326.7	40113484
326.8	40129424
326.9	40145484
327	40161632
327.1	40177636
327.2	40193504
327.3	40209668
327.4	40225944
327.5	40242080
327.6	40258228
327.7	40274256
327.8	40290400
327.9	40306544
328	40322532
328.1	40339300
328.2	40355328
328.3	40371756
328.4	40388120
328.5	40404308
328.6	40420340
328.7	40436536
328.8	40452740
328.9	40469028
329	40485424
329.1	40501552
329.2	40517776
329.3	40534268
329.4	40550592
329.5	40567116
329.6	40583640
329.7	40600388
329.8	40617116
329.9	40633396
330	40649988
330.1	40666936
330.2	40683640
330.3	40700276
330.4	40717236
330.5	40733672
330.6	40750116
330.7	40766604
330.8	40783080
330.9	40799444
331	40816180
331.1	40832648
331.2	40848844
331.3	40865568
331.4	40881684
331.5	40898256
331.6	40914472
331.7	40931244
331.8	40947728
331.9	40964440
332	40981128
332.1	40997652
332.2	41013960
332.3	41030796
332.4	41047488
332.5	41063880
332.6	41080412
332.7	41096792
332.8	41113504
332.9	41130108
333	41147048
333.1	41163860
333.2	41180564
333.3	41197428
333.4	41214532
333.5	41231252
333.6	41248156
333.7	41264888
333.8	41281612
333.9	41298532
334	41315552
334.1	41332916
334.2	41350096
334.3	41367412
334.4	41384400
334.5	41401272
334.6	41418544
334.7	41435400
334.8	41452636
334.9	41469780
335	41486812
335.1	41503556
335.2	41520464
335.3	41537412
335.4	41553984
335.5	41570776
335.6	41587420
335.7	41604404
335.8	41621044
335.9	41637300
336	41653804
336.1	41670352
336.2	41687308
336.3	41704072
336.4	41720408
336.5	41736700
336.6	41753336
336.7	41769592
336.8	41786252
336.9	41802936
337	41819496
337.1	41836236
337.2	41852608
337.3	41869480
337.4	41885856
337.5	41902548
337.6	41918980
337.7	41935788
337.8	41952352
337.9	41968828
338	41985848
338.1	42002588
338.2	42019040
338.3	42035940
338.4	42052940
338.5	42069480
338.6	42086388
338.7	42103132
338.8	42119896
338.9	42136508
339	42153492
339.1	42170260
339.2	42186464
339.3	42203188
339.4	42220160
339.5	42236572
339.6	42253692
339.7	42270544
339.8	42287136
339.9	42304076
340	42320644
340.1	42337116
340.2	42353892
340.3	42370940
340.4	42387544
340.5	42404424
340.6	42420664
340.7	42436992
340.8	42453928
340.9	42470624
341	42487304
341.1	42503948
341.2	42520416
341.3	42537108
341.4	42553804
341.5	42571000
341.6	42587420
341.7	42604520
341.8	42621396
341.9	42638220
342	42654956
342.1	42671988
342.2	42688788
342.3	42705732
342.4	42722728
342.5	42739880
342.6	42756436
342.7	42773408
342.8	42790288
342.9	42807060
343	42824628
343.1	42841096
343.2	42858660
343.3	42875508
343.4	42892840
343.5	42909568
343.6	42926988
343.7	42943872
343.8	42960824
343.9	42977944
344	42995372
344.1	43012176
344.2	43029300
344.3	43046392
344.4	43063632
344.5	43080768
344.6	43097560
344.7	43114364
344.8	43131800
344.9	43148896
345	43165804
345.1	43182980
345.2	43200088
345.3	43217480
345.4	43234744
345.5	43251864
345.6	43269404
345.7	43286208
345.8	43303480
345.9	43320944
346	43338140
346.1	43355752
346.2	43373236
346.3	43390740
346.4	43408160
346.5	43425744
346.6	43443328
346.7	43461024
346.8	43478368
346.9	43495972
347	43513380
347.1	43530904
347.2	43548224
347.3	43565412
347.4	43582580
347.5	43600132
347.6	43617264
347.7	43634492
347.8	43652220
347.9	43669424
348	43686604
348.1	43704136
348.2	43721132
348.3	43737812
348.4	43755292
348.5	43772264
348.6	43789396
348.7	43806300
348.8	43823628
348.9	43840612
349	43857944
349.1	43875128
349.2	43892284
349.3	43909492
349.4	43926792
349.5	43943848
349.6	43960980
349.7	43978040
349.8	43994940
349.9	44011992
350	44029092
