%  hypsometry data
%  version 20220701
%  created by Bryce Glenn, Julian Cross, and Maciek Obryk
%  orthometric heights
%  based on local datum (WGS84 +53.4 m)
%  Depth h (m)    Area A (m^2)
-4.6	0
-4.5	4
-4.4	32
-4.3	344
-4.2	2092
-4.1	6696
-4	14952
-3.9	26160
-3.8	40000
-3.7	56796
-3.6	74572
-3.5	91288
-3.4	106200
-3.3	121956
-3.2	137224
-3.1	152484
-3	167796
-2.9	182280
-2.8	196340
-2.7	210608
-2.6	224668
-2.5	237024
-2.4	247616
-2.3	257244
-2.2	266776
-2.1	276108
-2	285172
-1.9	294740
-1.8	304856
-1.7	316936
-1.6	329380
-1.5	343288
-1.4	355996
-1.3	368636
-1.2	381016
-1.1	393452
-1	406948
-0.9	421700
-0.8	439312
-0.7	460740
-0.6	486468
-0.5	511852
-0.4	533188
-0.3	552352
-0.2	569444
-0.1	585820
0	600632
0.1	615108
0.2	628876
0.3	642172
0.4	654268
0.5	666100
0.6	676872
0.7	687188
0.8	696984
0.9	706600
1	716420
1.1	725980
1.2	735220
1.3	744924
1.4	755100
1.5	765668
1.6	776244
1.7	786736
1.8	797088
1.9	807728
2	818608
2.1	829980
2.2	842768
2.3	858604
2.4	880644
2.5	907652
2.6	935868
2.7	963540
2.8	990896
2.9	1017340
3	1043604
3.1	1070820
3.2	1098672
3.3	1126704
3.4	1154624
3.5	1181708
3.6	1206820
3.7	1228616
3.8	1249196
3.9	1269036
4	1288348
4.1	1307716
4.2	1328932
4.3	1350900
4.4	1373572
4.5	1397392
4.6	1421912
4.7	1447320
4.8	1473012
4.9	1499040
5	1525204
5.1	1552448
5.2	1583452
5.3	1622564
5.4	1668844
5.5	1718016
5.6	1763420
5.7	1803384
5.8	1841428
5.9	1876404
6	1909732
6.1	1941352
6.2	1969856
6.3	1998568
6.4	2026952
6.5	2055696
6.6	2082476
6.7	2107160
6.8	2130900
6.9	2153784
7	2177136
7.1	2201288
7.2	2226240
7.3	2252404
7.4	2280088
7.5	2307952
7.6	2335516
7.7	2361668
7.8	2386576
7.9	2411244
8	2436532
8.1	2462164
8.2	2488640
8.3	2514900
8.4	2542900
8.5	2571164
8.6	2597464
8.7	2622864
8.8	2647528
8.9	2671700
9	2695288
9.1	2718712
9.2	2743396
9.3	2768100
9.4	2793284
9.5	2817500
9.6	2840308
9.7	2863416
9.8	2885568
9.9	2907860
10	2930868
10.1	2954428
10.2	2979388
10.3	3007056
10.4	3036816
10.5	3069708
10.6	3105932
10.7	3143336
10.8	3182188
10.9	3224488
11	3272316
11.1	3332500
11.2	3408692
11.3	3501036
11.4	3608644
11.5	3730120
11.6	3864284
11.7	4005372
11.8	4147720
11.9	4284988
12	4414600
12.1	4541852
12.2	4670420
12.3	4796380
12.4	4911876
12.5	5007108
12.6	5081516
12.7	5144232
12.8	5200432
12.9	5252004
13	5300544
13.1	5344784
13.2	5383472
13.3	5418576
13.4	5451280
13.5	5483352
13.6	5513692
13.7	5543712
13.8	5573920
13.9	5603944
14	5634408
14.1	5666004
14.2	5697408
14.3	5729528
14.4	5761416
14.5	5794208
14.6	5826944
14.7	5860024
14.8	5893384
14.9	5927664
15	5962580
15.1	6000644
15.2	6042540
15.3	6090476
15.4	6147160
15.5	6213184
15.6	6287988
15.7	6365780
15.8	6446800
15.9	6529668
16	6608428
16.1	6673296
16.2	6728644
16.3	6778068
16.4	6823720
16.5	6865296
16.6	6904760
16.7	6942376
16.8	6977072
16.9	7001644
17	7013404
17.1	7021044
17.2	7028660
17.3	7063308
17.4	7159984
17.5	7234132
17.6	7280168
17.7	7322356
17.8	7362684
17.9	7403516
18	7445628
18.1	7487984
18.2	7531928
18.3	7576380
18.4	7622952
18.5	7669848
18.6	7715936
18.7	7759748
18.8	7801688
18.9	7844512
19	7887068
19.1	7930188
19.2	7974848
19.3	8019748
19.4	8066004
19.5	8114088
19.6	8163032
19.7	8211140
19.8	8259516
19.9	8308804
20	8360100
20.1	8414740
20.2	8467784
20.3	8518696
20.4	8566792
20.5	8612828
20.6	8657820
20.7	8700860
20.8	8743136
20.9	8784152
21	8823376
21.1	8861940
21.2	8901100
21.3	8940636
21.4	8980496
21.5	9019892
21.6	9059600
21.7	9100128
21.8	9141916
21.9	9183996
22	9226276
22.1	9269732
22.2	9314376
22.3	9359088
22.4	9402120
22.5	9445168
22.6	9489248
22.7	9533404
22.8	9576296
22.9	9619888
23	9663944
23.1	9709060
23.2	9753736
23.3	9798472
23.4	9843340
23.5	9889320
23.6	9935112
23.7	9980640
23.8	10027692
23.9	10073868
24	10120124
24.1	10166480
24.2	10215152
24.3	10265600
24.4	10316524
24.5	10372264
24.6	10432004
24.7	10491588
24.8	10548196
24.9	10605192
25	10661968
25.1	10717348
25.2	10770208
25.3	10822424
25.4	10872608
25.5	10922216
25.6	10970892
25.7	11020480
25.8	11070756
25.9	11122684
26	11177820
26.1	11232700
26.2	11287384
26.3	11342172
26.4	11397948
26.5	11456212
26.6	11516860
26.7	11582852
26.8	11648576
26.9	11717016
27	11785872
27.1	11854964
27.2	11924848
27.3	11992032
27.4	12057944
27.5	12121924
27.6	12184404
27.7	12248356
27.8	12310844
27.9	12373396
28	12434928
28.1	12497288
28.2	12559832
28.3	12622608
28.4	12697584
28.5	12769500
28.6	12848428
28.7	12918092
28.8	12981212
28.9	13040840
29	13100000
29.1	13160392
29.2	13220808
29.3	13285696
29.4	13352248
29.5	13422024
29.6	13494420
29.7	13561608
29.8	13625056
29.9	13687252
30	13748460
30.1	13810192
30.2	13873680
30.3	13936588
30.4	13998156
30.5	14058364
30.6	14119792
30.7	14180368
30.8	14240472
30.9	14307132
31	14369064
31.1	14430584
31.2	14492392
31.3	14553116
31.4	14614808
31.5	14682352
31.6	14748752
31.7	14814496
31.8	14878036
31.9	14940044
32	15001672
32.1	15063012
32.2	15124216
32.3	15186756
32.4	15250600
32.5	15314876
32.6	15378000
32.7	15440936
32.8	15504992
32.9	15569808
33	15636480
33.1	15706572
33.2	15777492
33.3	15849024
33.4	15920644
33.5	16000768
33.6	16075824
33.7	16149396
33.8	16222376
33.9	16293360
34	16364356
34.1	16435800
34.2	16506444
34.3	16576224
34.4	16645768
34.5	16717524
34.6	16785060
34.7	16852064
34.8	16919384
34.9	16986620
35	17052848
35.1	17118864
35.2	17185908
35.3	17251932
35.4	17317572
35.5	17383620
35.6	17449232
35.7	17513852
35.8	17579236
35.9	17643544
36	17710172
36.1	17775832
36.2	17838720
36.3	17899764
36.4	17959984
36.5	18018916
36.6	18077344
36.7	18136560
36.8	18197728
36.9	18259108
37	18319704
37.1	18380060
37.2	18440288
37.3	18499744
37.4	18557572
37.5	18615308
37.6	18671948
37.7	18728188
37.8	18784740
37.9	18839812
38	18895088
38.1	18950880
38.2	19005276
38.3	19059908
38.4	19113512
38.5	19166576
38.6	19220320
38.7	19274104
38.8	19327720
38.9	19383344
39	19440560
39.1	19497836
39.2	19556392
39.3	19613484
39.4	19670648
39.5	19727344
39.6	19784584
39.7	19839652
39.8	19892468
39.9	19944804
40	19996100
40.1	20046172
40.2	20095164
40.3	20144304
40.4	20194720
40.5	20245672
40.6	20297952
40.7	20349156
40.8	20399452
40.9	20449996
41	20498452
41.1	20547600
41.2	20596312
41.3	20644212
41.4	20690156
41.5	20736852
41.6	20782300
41.7	20827708
41.8	20873772
41.9	20919812
42	20965436
42.1	21009240
42.2	21052136
42.3	21095528
42.4	21136344
42.5	21176776
42.6	21217228
42.7	21258608
42.8	21300428
42.9	21341448
43	21383140
43.1	21425260
43.2	21467676
43.3	21510516
43.4	21552460
43.5	21594436
43.6	21636424
43.7	21678396
43.8	21721040
43.9	21763580
44	21805420
44.1	21848372
44.2	21891088
44.3	21933808
44.4	21977956
44.5	22021692
44.6	22065912
44.7	22109224
44.8	22152084
44.9	22195428
45	22238372
45.1	22280928
45.2	22323620
45.3	22366000
45.4	22406944
45.5	22448380
45.6	22490480
45.7	22531772
45.8	22572712
45.9	22613928
46	22655116
46.1	22697068
46.2	22738516
46.3	22780640
46.4	22822920
46.5	22865804
46.6	22908548
46.7	22950456
46.8	22993368
46.9	23035236
47	23077580
47.1	23119260
47.2	23160780
47.3	23202488
47.4	23244076
47.5	23285792
47.6	23327736
47.7	23369740
47.8	23410988
47.9	23452940
48	23495028
48.1	23537136
48.2	23578908
48.3	23620484
48.4	23662020
48.5	23704024
48.6	23746940
48.7	23789156
48.8	23832648
48.9	23876680
49	23921936
49.1	23968076
49.2	24015640
49.3	24064500
49.4	24114552
49.5	24164644
49.6	24215384
49.7	24266476
49.8	24317504
49.9	24368920
50	24419696
50.1	24469528
50.2	24517292
50.3	24566188
50.4	24613940
50.5	24661444
50.6	24709872
50.7	24757528
50.8	24805716
50.9	24854836
51	24903960
51.1	24952600
51.2	24999336
51.3	25046796
51.4	25094396
51.5	25141204
51.6	25188040
51.7	25234132
51.8	25280036
51.9	25325484
52	25370052
52.1	25415828
52.2	25461088
52.3	25506056
52.4	25550752
52.5	25594976
52.6	25638256
52.7	25680992
52.8	25724436
52.9	25767160
53	25810576
53.1	25854044
53.2	25898216
53.3	25943448
53.4	25988520
53.5	26033980
53.6	26080512
53.7	26126960
53.8	26172908
53.9	26218392
54	26263772
54.1	26309212
54.2	26355316
54.3	26401732
54.4	26449072
54.5	26496916
54.6	26546776
54.7	26597620
54.8	26649144
54.9	26699280
55	26748844
55.1	26798744
55.2	26849492
55.3	26901560
55.4	26953748
55.5	27004928
55.6	27055700
55.7	27105968
55.8	27157184
55.9	27207812
56	27258660
56.1	27311212
56.2	27364440
56.3	27416344
56.4	27469516
56.5	27522112
56.6	27575772
56.7	27630340
56.8	27685860
56.9	27742096
57	27800632
57.1	27863648
57.2	27928452
57.3	27988668
57.4	28045188
57.5	28099756
57.6	28154056
57.7	28207568
57.8	28259892
57.9	28309348
58	28359604
58.1	28409136
58.2	28459436
58.3	28509476
58.4	28559248
58.5	28608744
58.6	28658412
58.7	28708152
58.8	28757272
58.9	28806280
59	28854628
59.1	28904216
59.2	28953652
59.3	29004036
59.4	29054748
59.5	29107832
59.6	29161192
59.7	29213320
59.8	29263492
59.9	29314092
60	29365080
60.1	29416480
60.2	29467828
60.3	29519340
60.4	29570388
60.5	29621060
60.6	29671096
60.7	29721588
60.8	29772280
60.9	29823336
61	29873704
61.1	29924068
61.2	29974240
61.3	30024580
61.4	30075712
61.5	30125696
61.6	30177772
61.7	30229572
61.8	30280640
61.9	30330320
62	30378484
62.1	30425936
62.2	30474056
62.3	30521128
62.4	30568080
62.5	30614408
62.6	30659344
62.7	30703648
62.8	30747660
62.9	30790376
63	30833076
63.1	30876476
63.2	30918764
63.3	30960888
63.4	31002924
63.5	31045912
63.6	31088684
63.7	31130120
63.8	31171580
63.9	31212756
64	31253984
64.1	31294828
64.2	31335116
64.3	31374740
64.4	31414612
64.5	31453820
64.6	31492316
64.7	31530980
64.8	31569444
64.9	31606552
65	31642144
65.1	31675892
65.2	31709640
65.3	31743896
65.4	31785216
65.5	31830000
65.6	31875588
65.7	31918972
65.8	31961672
65.9	32002848
66	32042592
66.1	32082996
66.2	32123752
66.3	32164308
66.4	32206072
66.5	32248780
66.6	32291012
66.7	32333864
66.8	32376724
66.9	32421020
67	32465640
67.1	32510616
67.2	32557128
67.3	32603440
67.4	32649892
67.5	32696812
67.6	32743748
67.7	32790216
67.8	32836052
67.9	32882236
68	32928112
68.1	32974748
68.2	33022364
68.3	33070400
68.4	33118268
68.5	33165824
68.6	33214444
68.7	33262928
68.8	33311276
68.9	33360524
69	33408952
69.1	33456196
69.2	33502468
69.3	33548232
69.4	33592836
69.5	33637024
69.6	33682996
69.7	33728624
69.8	33770824
69.9	33812448
70	33853852
70.1	33894868
70.2	33938732
70.3	33982372
70.4	34026088
70.5	34068752
70.6	34111420
70.7	34152236
70.8	34193212
70.9	34233988
71	34275088
71.1	34315824
71.2	34355900
71.3	34395496
71.4	34434572
71.5	34473724
71.6	34513588
71.7	34553252
71.8	34593072
71.9	34632708
72	34671492
72.1	34709968
72.2	34749132
72.3	34788596
72.4	34829228
72.5	34870720
72.6	34914828
72.7	34961428
72.8	35011836
72.9	35064668
73	35119232
73.1	35172424
73.2	35222412
73.3	35273412
73.4	35327540
73.5	35390200
73.6	35459108
73.7	35529452
73.8	35597436
73.9	35658108
74	35710748
74.1	35760292
74.2	35808348
74.3	35856988
74.4	35909812
74.5	35964592
74.6	36016688
74.7	36066096
74.8	36114180
74.9	36160960
75	36207944
75.1	36254920
75.2	36301860
75.3	36348356
75.4	36395584
75.5	36442484
75.6	36487392
75.7	36533172
75.8	36578392
75.9	36623976
76	36670100
76.1	36715156
76.2	36760188
76.3	36805780
76.4	36850680
76.5	36895560
76.6	36940320
76.7	36985312
76.8	37028980
76.9	37073268
77	37117128
77.1	37160936
77.2	37205760
77.3	37250668
77.4	37297088
77.5	37343560
77.6	37390200
77.7	37436444
77.8	37481968
77.9	37527220
78	37572084
78.1	37616896
78.2	37663644
78.3	37709376
78.4	37756076
78.5	37802224
78.6	37849328
78.7	37896036
78.8	37942932
78.9	37990036
79	38037016
79.1	38084840
79.2	38133284
79.3	38181316
79.4	38228560
79.5	38275956
79.6	38323508
79.7	38372204
79.8	38421000
79.9	38469816
80	38518896
80.1	38569044
80.2	38618148
80.3	38668480
80.4	38717068
80.5	38768220
80.6	38818932
80.7	38869564
80.8	38920448
80.9	38972080
81	39025188
81.1	39079100
81.2	39133836
81.3	39188328
81.4	39244356
81.5	39301772
81.6	39360192
81.7	39418568
81.8	39477644
81.9	39536264
82	39595984
82.1	39656608
82.2	39718292
82.3	39782172
82.4	39847692
82.5	39913656
82.6	39978940
82.7	40044900
82.8	40110732
82.9	40175668
83	40242104
83.1	40305704
83.2	40370000
83.3	40433816
83.4	40496444
83.5	40559032
83.6	40621152
83.7	40683160
83.8	40744668
83.9	40806360
84	40868012
84.1	40928788
84.2	40989152
84.3	41049568
84.4	41110512
84.5	41171380
84.6	41231656
84.7	41292548
84.8	41352584
84.9	41412400
85	41471912
85.1	41533060
85.2	41596288
85.3	41659748
85.4	41724520
85.5	41788860
85.6	41851404
85.7	41913256
85.8	41975160
85.9	42037960
86	42100572
86.1	42163268
86.2	42225012
86.3	42288868
86.4	42353112
86.5	42417072
86.6	42482316
86.7	42547304
86.8	42610916
86.9	42675016
87	42737464
87.1	42801220
87.2	42864908
87.3	42928256
87.4	42990944
87.5	43054764
87.6	43119176
87.7	43184536
87.8	43249436
87.9	43314232
88	43378876
88.1	43443760
88.2	43508448
88.3	43573520
88.4	43639476
88.5	43706348
88.6	43773208
88.7	43839088
88.8	43905720
88.9	43971196
89	44036964
89.1	44101016
89.2	44166072
89.3	44231928
89.4	44298176
89.5	44363876
89.6	44430940
89.7	44497400
89.8	44565040
89.9	44632976
90	44700068
90.1	44768040
90.2	44837464
90.3	44909692
90.4	44982628
90.5	45057680
90.6	45133776
90.7	45209668
90.8	45284192
90.9	45356756
91	45428912
91.1	45500228
91.2	45570540
91.3	45637332
91.4	45704104
91.5	45770280
91.6	45835384
91.7	45900196
91.8	45966740
91.9	46033084
92	46099628
92.1	46165936
92.2	46231540
92.3	46297572
92.4	46363732
92.5	46429932
92.6	46494520
92.7	46560244
92.8	46625648
92.9	46690580
93	46754500
93.1	46818268
93.2	46882224
93.3	46944444
93.4	47006904
93.5	47069008
93.6	47132236
93.7	47195128
93.8	47259012
93.9	47322592
94	47387360
94.1	47453040
94.2	47518896
94.3	47586172
94.4	47654252
94.5	47722340
94.6	47791592
94.7	47861312
94.8	47930476
94.9	47997888
95	48065096
95.1	48132664
95.2	48199996
95.3	48265708
95.4	48330868
95.5	48397456
95.6	48463708
95.7	48530144
95.8	48595800
95.9	48662072
96	48729980
96.1	48797180
96.2	48862220
96.3	48928708
96.4	48995560
96.5	49061812
96.6	49129740
96.7	49201892
96.8	49274984
96.9	49344828
97	49412524
97.1	49478900
97.2	49545692
97.3	49611644
97.4	49679092
97.5	49750320
97.6	49824624
97.7	49904428
97.8	49992440
97.9	50083564
98	50176192
98.1	50267892
98.2	50357984
98.3	50472008
98.4	50589536
98.5	50690908
98.6	50781924
98.7	50871524
98.8	50963120
98.9	51058388
99	51150168
99.1	51240232
99.2	51330852
99.3	51418496
99.4	51506300
99.5	51594080
99.6	51680632
99.7	51763972
99.8	51850028
99.9	51934616
100	52023528
100.1	52108744
100.2	52191708
100.3	52272156
100.4	52350828
100.5	52430064
100.6	52509216
100.7	52588956
100.8	52669320
100.9	52748256
101	52826408
101.1	52903972
101.2	52979412
101.3	53053856
101.4	53128980
101.5	53202668
101.6	53276704
101.7	53348988
101.8	53421832
101.9	53492640
102	53565400
102.1	53637588
102.2	53708216
102.3	53780656
102.4	53851508
102.5	53925272
102.6	53998972
102.7	54072804
102.8	54145756
102.9	54218680
103	54290840
103.1	54362292
103.2	54432520
103.3	54505520
103.4	54578684
103.5	54652576
103.6	54727800
103.7	54801104
103.8	54874536
103.9	54947680
104	55020836
104.1	55096180
104.2	55171228
104.3	55247636
104.4	55321068
104.5	55395680
104.6	55469924
104.7	55544284
104.8	55616576
104.9	55688012
105	55759040
105.1	55830364
105.2	55900072
105.3	55970552
105.4	56042852
105.5	56114824
105.6	56186916
105.7	56258964
105.8	56330040
105.9	56400956
106	56472472
106.1	56545012
106.2	56617036
106.3	56689496
106.4	56761288
106.5	56834356
106.6	56908268
106.7	56983032
106.8	57057784
106.9	57132164
107	57206088
107.1	57279880
107.2	57353220
107.3	57426584
107.4	57497612
107.5	57568592
107.6	57639660
107.7	57709788
107.8	57780044
107.9	57849472
108	57918200
108.1	57988708
108.2	58058256
108.3	58126264
108.4	58194628
108.5	58263516
108.6	58334720
108.7	58404904
108.8	58472540
108.9	58539080
109	58606444
109.1	58672952
109.2	58738824
109.3	58806176
109.4	58889132
109.5	58972228
109.6	59047820
109.7	59117056
109.8	59184972
109.9	59252040
110	59317896
110.1	59383412
110.2	59448424
110.3	59512364
110.4	59575460
110.5	59639480
110.6	59702980
110.7	59765096
110.8	59827808
110.9	59890388
111	59951728
111.1	60013272
111.2	60074668
111.3	60137612
111.4	60198696
111.5	60261332
111.6	60323812
111.7	60385852
111.8	60447472
111.9	60508656
112	60570616
112.1	60634056
112.2	60696112
112.3	60759004
112.4	60821636
112.5	60883676
112.6	60946420
112.7	61008492
112.8	61071028
112.9	61132504
113	61195280
113.1	61257760
113.2	61320168
113.3	61382148
113.4	61444740
113.5	61506660
113.6	61567772
113.7	61628896
113.8	61690700
113.9	61753236
114	61814896
114.1	61875944
114.2	61937684
114.3	62000068
114.4	62062976
114.5	62124828
114.6	62185272
114.7	62247496
114.8	62310824
114.9	62373352
115	62436904
115.1	62499408
115.2	62562288
115.3	62625540
115.4	62689588
115.5	62751996
115.6	62815024
115.7	62878580
115.8	62940812
115.9	63003004
116	63064928
116.1	63126956
116.2	63189060
116.3	63250824
116.4	63313328
116.5	63375844
116.6	63438344
116.7	63501304
116.8	63563628
116.9	63625288
117	63688060
117.1	63750356
117.2	63811812
117.3	63873080
117.4	63934748
117.5	63996520
117.6	64058568
117.7	64120720
117.8	64183904
117.9	64245640
118	64307548
118.1	64369124
118.2	64430536
118.3	64490480
118.4	64548800
118.5	64606520
118.6	64664844
118.7	64722892
118.8	64780820
118.9	64837680
119	64893232
119.1	64948420
119.2	65001784
119.3	65056564
119.4	65111208
119.5	65165984
119.6	65221324
119.7	65276040
119.8	65331520
119.9	65387320
120	65442692
120.1	65499616
120.2	65555608
120.3	65611704
120.4	65668764
120.5	65726520
120.6	65783532
120.7	65842144
120.8	65902188
120.9	65961816
121	66022008
121.1	66080868
121.2	66139032
121.3	66196444
121.4	66253764
121.5	66310628
121.6	66367736
121.7	66427316
121.8	66485600
121.9	66541876
122	66597996
122.1	66653652
122.2	66709092
122.3	66763936
122.4	66817544
122.5	66870916
122.6	66924636
122.7	66977772
122.8	67030464
122.9	67083716
123	67136400
123.1	67188452
123.2	67240608
123.3	67291920
123.4	67343744
123.5	67396456
123.6	67448664
123.7	67501648
123.8	67554440
123.9	67606384
124	67659612
124.1	67712428
124.2	67765116
124.3	67817752
124.4	67871528
124.5	67925064
124.6	67979856
124.7	68033960
124.8	68088016
124.9	68142336
125	68196884
125.1	68251912
125.2	68307304
125.3	68361940
125.4	68417564
125.5	68473380
125.6	68528716
125.7	68584048
125.8	68639056
125.9	68694288
126	68749416
126.1	68804164
126.2	68858776
126.3	68913436
126.4	68968532
126.5	69023264
126.6	69076932
126.7	69130948
126.8	69185972
126.9	69240100
127	69295488
127.1	69350164
127.2	69404460
127.3	69460452
127.4	69517116
127.5	69573680
127.6	69630156
127.7	69687248
127.8	69742848
127.9	69798092
128	69853524
128.1	69907764
128.2	69962380
128.3	70016960
128.4	70070852
128.5	70124328
128.6	70177832
128.7	70232340
128.8	70286176
128.9	70339876
129	70394272
129.1	70448220
129.2	70503532
129.3	70557516
129.4	70611756
129.5	70666484
129.6	70720800
129.7	70774748
129.8	70827956
129.9	70882492
130	70937400
130.1	70992176
130.2	71045552
130.3	71098604
130.4	71153156
130.5	71209200
130.6	71264608
130.7	71317184
130.8	71370628
130.9	71424012
131	71477740
131.1	71530804
131.2	71583628
131.3	71636668
131.4	71689364
131.5	71742916
131.6	71795984
131.7	71849712
131.8	71902948
131.9	71955728
132	72009516
132.1	72063936
132.2	72119404
132.3	72177608
132.4	72235936
132.5	72293264
132.6	72350468
132.7	72406668
132.8	72463820
132.9	72520220
133	72576668
133.1	72633284
133.2	72689912
133.3	72746376
133.4	72802020
133.5	72858144
133.6	72913872
133.7	72970596
133.8	73027264
133.9	73084528
134	73144072
134.1	73203148
134.2	73263844
134.3	73323612
134.4	73382592
134.5	73441148
134.6	73498840
134.7	73556880
134.8	73613848
134.9	73671556
135	73729472
135.1	73787736
135.2	73845092
135.3	73902564
135.4	73959632
135.5	74016948
135.6	74073848
135.7	74131080
135.8	74188264
135.9	74244032
136	74300648
136.1	74355636
136.2	74411916
136.3	74466588
136.4	74520864
136.5	74574972
136.6	74629548
136.7	74684560
136.8	74740160
136.9	74794656
137	74850156
137.1	74905380
137.2	74960540
137.3	75015504
137.4	75071124
137.5	75125516
137.6	75180012
137.7	75236076
137.8	75291616
137.9	75347792
138	75402844
138.1	75457340
138.2	75511404
138.3	75565028
138.4	75617412
138.5	75670096
138.6	75723164
138.7	75776212
138.8	75827944
138.9	75880248
139	75932436
139.1	75983848
139.2	76036148
139.3	76088468
139.4	76141596
139.5	76193440
139.6	76245716
139.7	76297800
139.8	76349772
139.9	76401320
140	76453476
140.1	76505640
140.2	76558096
140.3	76609604
140.4	76661536
140.5	76713568
140.6	76765932
140.7	76818940
140.8	76872888
140.9	76926228
141	76979560
141.1	77031296
141.2	77082768
141.3	77134304
141.4	77185264
141.5	77236316
141.6	77287704
141.7	77339372
141.8	77389696
141.9	77441360
142	77493604
142.1	77546364
142.2	77598520
142.3	77650968
142.4	77702944
142.5	77755140
142.6	77807520
142.7	77859772
142.8	77912396
142.9	77964160
143	78016908
143.1	78069348
143.2	78122144
143.3	78175180
143.4	78227552
143.5	78280092
143.6	78332888
143.7	78384440
143.8	78436000
143.9	78487624
144	78538984
144.1	78591036
144.2	78643556
144.3	78695808
144.4	78748500
144.5	78800564
144.6	78853204
144.7	78905948
144.8	78958200
144.9	79009888
145	79061476
145.1	79112104
145.2	79162704
145.3	79213980
145.4	79265576
145.5	79317616
145.6	79369032
145.7	79419320
145.8	79470092
145.9	79520420
146	79570768
146.1	79621548
146.2	79671424
146.3	79721656
146.4	79772032
146.5	79822016
146.6	79871668
146.7	79920916
146.8	79971548
146.9	80021472
147	80072012
147.1	80121620
147.2	80170536
147.3	80219868
147.4	80268876
147.5	80318092
147.6	80367860
147.7	80417820
147.8	80468536
147.9	80520040
148	80571912
148.1	80623412
148.2	80675516
148.3	80727208
148.4	80779460
148.5	80830508
148.6	80883096
148.7	80935464
148.8	80987496
148.9	81039972
149	81092692
149.1	81145104
149.2	81196832
149.3	81249204
149.4	81301644
149.5	81354216
149.6	81407772
149.7	81460564
149.8	81512316
149.9	81564784
150	81617312
150.1	81670812
150.2	81723604
150.3	81776588
150.4	81830232
150.5	81884284
150.6	81938700
150.7	81994544
150.8	82051596
150.9	82107536
151	82163868
151.1	82220080
151.2	82275820
151.3	82331616
151.4	82386768
151.5	82441760
151.6	82496104
151.7	82551808
151.8	82606400
151.9	82660936
152	82716660
152.1	82773416
152.2	82829688
152.3	82887048
152.4	82943816
152.5	83001840
152.6	83059896
152.7	83118308
152.8	83175056
152.9	83231388
153	83288128
153.1	83345464
153.2	83403180
153.3	83459456
153.4	83515128
153.5	83571728
153.6	83627344
153.7	83681672
153.8	83734816
153.9	83787564
154	83840392
154.1	83893104
154.2	83945904
154.3	83999152
154.4	84051856
154.5	84105220
154.6	84158748
154.7	84213084
154.8	84268524
154.9	84322964
155	84378316
155.1	84433152
155.2	84487860
155.3	84543204
155.4	84597444
155.5	84652136
155.6	84706692
155.7	84760644
155.8	84815264
155.9	84869908
156	84925304
156.1	84979656
156.2	85036384
156.3	85092628
156.4	85148124
156.5	85203956
156.6	85259044
156.7	85314684
156.8	85370020
156.9	85425448
157	85480744
157.1	85537444
157.2	85594004
157.3	85649880
157.4	85706336
157.5	85761960
157.6	85818392
157.7	85874800
157.8	85933820
157.9	85994552
158	86053656
158.1	86112484
158.2	86170536
158.3	86229492
158.4	86286716
158.5	86345288
158.6	86404976
158.7	86464156
158.8	86522500
158.9	86579764
159	86638096
159.1	86696012
159.2	86755256
159.3	86813476
159.4	86871936
159.5	86930708
159.6	86989544
159.7	87048308
159.8	87107256
159.9	87166284
160	87225384
160.1	87284504
160.2	87343644
160.3	87402812
160.4	87462564
160.5	87522672
160.6	87582388
160.7	87642264
160.8	87702292
160.9	87761956
161	87821860
161.1	87882544
161.2	87942788
161.3	88002236
161.4	88063032
161.5	88123008
161.6	88183336
161.7	88243396
161.8	88304352
161.9	88364832
162	88425144
162.1	88486184
162.2	88548472
162.3	88609492
162.4	88670432
162.5	88731280
162.6	88791884
162.7	88853864
162.8	88915812
162.9	88978028
163	89041948
163.1	89103020
163.2	89166200
163.3	89228792
163.4	89292048
163.5	89355484
163.6	89419516
163.7	89483088
163.8	89547032
163.9	89610204
164	89672872
164.1	89735020
164.2	89796972
164.3	89859460
164.4	89922616
164.5	89983904
164.6	90045416
164.7	90106824
164.8	90168828
164.9	90230224
165	90292792
165.1	90354876
165.2	90417516
165.3	90483536
165.4	90548604
165.5	90615040
165.6	90681100
165.7	90748548
165.8	90814668
165.9	90880432
166	90945412
166.1	91010608
166.2	91077292
166.3	91143580
166.4	91209880
166.5	91276812
166.6	91344208
166.7	91412036
166.8	91480224
166.9	91550096
167	91619652
167.1	91690528
167.2	91760948
167.3	91830724
167.4	91900932
167.5	91972452
167.6	92041856
167.7	92111100
167.8	92181200
167.9	92250584
168	92319416
168.1	92387268
168.2	92455872
168.3	92523400
168.4	92592632
168.5	92661036
168.6	92729668
168.7	92797524
168.8	92865520
168.9	92934884
169	93004884
169.1	93073484
169.2	93142180
169.3	93210060
169.4	93277228
169.5	93343900
169.6	93410464
169.7	93475436
169.8	93541036
169.9	93605740
170	93670952
170.1	93736460
170.2	93800532
170.3	93865508
170.4	93929608
170.5	93993836
170.6	94058300
170.7	94122520
170.8	94186552
170.9	94251452
171	94316064
171.1	94381188
171.2	94447164
171.3	94513188
171.4	94579452
171.5	94645960
171.6	94714036
171.7	94782204
171.8	94850508
171.9	94918908
172	94987788
172.1	95056012
172.2	95124804
172.3	95193368
172.4	95263024
172.5	95334572
172.6	95406632
172.7	95477536
172.8	95547252
172.9	95615412
173	95683240
173.1	95750760
173.2	95818392
173.3	95886372
173.4	95954048
173.5	96021980
173.6	96091144
173.7	96159964
173.8	96230320
173.9	96299512
174	96366612
174.1	96434692
174.2	96501512
174.3	96568816
174.4	96635768
174.5	96703488
174.6	96769396
174.7	96835048
174.8	96899804
174.9	96964412
175	97028532
175.1	97092468
175.2	97156564
175.3	97220936
175.4	97285344
175.5	97348564
175.6	97411608
175.7	97475164
175.8	97538940
175.9	97602440
176	97665544
176.1	97729164
176.2	97792484
176.3	97856992
176.4	97921128
176.5	97986484
176.6	98052036
176.7	98116888
176.8	98181304
176.9	98246284
177	98311284
177.1	98375908
177.2	98441112
177.3	98506692
177.4	98572264
177.5	98638984
177.6	98706048
177.7	98772332
177.8	98837844
177.9	98904204
178	98970848
178.1	99037688
178.2	99104308
178.3	99172280
178.4	99239832
178.5	99306604
178.6	99373996
178.7	99441564
178.8	99508304
178.9	99576184
179	99643236
179.1	99710468
179.2	99777564
179.3	99844220
179.4	99911376
179.5	99978552
179.6	100045464
179.7	100113188
179.8	100179060
179.9	100244632
180	100311576
180.1	100377184
180.2	100443028
180.3	100508496
180.4	100574120
180.5	100640436
180.6	100707032
180.7	100775100
180.8	100842400
180.9	100909616
181	100976776
181.1	101043732
181.2	101109508
181.3	101177312
181.4	101244160
181.5	101311304
181.6	101378264
181.7	101446156
181.8	101513880
181.9	101581140
182	101648864
182.1	101715476
182.2	101781388
182.3	101848176
182.4	101913944
182.5	101979716
182.6	102044708
182.7	102110024
182.8	102176280
182.9	102242584
183	102309020
183.1	102375576
183.2	102441028
183.3	102505864
183.4	102570532
183.5	102634012
183.6	102697892
183.7	102761700
183.8	102826220
183.9	102890288
184	102953676
184.1	103018272
184.2	103081532
184.3	103145040
184.4	103207952
184.5	103270584
184.6	103333708
184.7	103396652
184.8	103459804
184.9	103523028
185	103586416
185.1	103650396
185.2	103714364
185.3	103778512
185.4	103842348
185.5	103904864
185.6	103967808
185.7	104030800
185.8	104093068
185.9	104155016
186	104217416
186.1	104280136
186.2	104341416
186.3	104404336
186.4	104466504
186.5	104527640
186.6	104589348
186.7	104649888
186.8	104711728
186.9	104772700
187	104833664
187.1	104895392
187.2	104956836
187.3	105018264
187.4	105079832
187.5	105140976
187.6	105202496
187.7	105264508
187.8	105326144
187.9	105387952
188	105449708
188.1	105510756
188.2	105573168
188.3	105635340
188.4	105698252
188.5	105759704
188.6	105821792
188.7	105883392
188.8	105945392
188.9	106005960
189	106067088
189.1	106127764
189.2	106188976
189.3	106250840
189.4	106311416
189.5	106373140
189.6	106434768
189.7	106496168
189.8	106557172
189.9	106618156
190	106678172
190.1	106738660
190.2	106798964
190.3	106859392
190.4	106920312
190.5	106980764
190.6	107041272
190.7	107101628
190.8	107161672
190.9	107222332
191	107282724
191.1	107343272
191.2	107403664
191.3	107463916
191.4	107525316
191.5	107585868
191.6	107646532
191.7	107707708
191.8	107768796
191.9	107830720
192	107892784
192.1	107954560
192.2	108016288
192.3	108077896
192.4	108140104
192.5	108201928
192.6	108263796
192.7	108326056
192.8	108388116
192.9	108451040
193	108514632
193.1	108578476
193.2	108641844
193.3	108704628
193.4	108767412
193.5	108829824
193.6	108892728
193.7	108954828
193.8	109016756
193.9	109079248
194	109142020
194.1	109204636
194.2	109266672
194.3	109329916
194.4	109392856
194.5	109455496
194.6	109519184
194.7	109582132
194.8	109645020
194.9	109708504
195	109771552
195.1	109834972
195.2	109897328
195.3	109960812
195.4	110022796
195.5	110085512
195.6	110146944
195.7	110208260
195.8	110269852
195.9	110331344
196	110392516
196.1	110454256
196.2	110515892
196.3	110577748
196.4	110639556
196.5	110702256
196.6	110764136
196.7	110825668
196.8	110887016
196.9	110948192
197	111009568
197.1	111072072
197.2	111134196
197.3	111196040
197.4	111258600
197.5	111320472
197.6	111382516
197.7	111444160
197.8	111505840
197.9	111567684
198	111629880
198.1	111691656
198.2	111753976
198.3	111815564
198.4	111877888
198.5	111939812
198.6	112001876
198.7	112063500
198.8	112125368
198.9	112187248
199	112248736
199.1	112310088
199.2	112370260
199.3	112430932
199.4	112491972
199.5	112552376
199.6	112612540
199.7	112673056
199.8	112734048
199.9	112794956
200	112854504
200.1	112914392
200.2	112974968
200.3	113035504
200.4	113095420
200.5	113155500
200.6	113215412
200.7	113274980
200.8	113335504
200.9	113394796
201	113454512
201.1	113512584
201.2	113571196
201.3	113629016
201.4	113687764
201.5	113746004
201.6	113804528
201.7	113862124
201.8	113920184
201.9	113978364
202	114037012
202.1	114093348
202.2	114151744
202.3	114209916
202.4	114267760
202.5	114324896
202.6	114382476
202.7	114439828
202.8	114496804
202.9	114554296
203	114611040
203.1	114668544
203.2	114726272
203.3	114783748
203.4	114841540
203.5	114899056
203.6	114956828
203.7	115014988
203.8	115072020
203.9	115128380
204	115186156
204.1	115243496
204.2	115300668
204.3	115358592
204.4	115417088
204.5	115473884
204.6	115532436
204.7	115590080
204.8	115646668
204.9	115705076
205	115763356
205.1	115820600
205.2	115879160
205.3	115937780
205.4	115994564
205.5	116053820
205.6	116113224
205.7	116170264
205.8	116229928
205.9	116290200
206	116349368
206.1	116410840
206.2	116471892
206.3	116532468
206.4	116595124
206.5	116657940
206.6	116719940
206.7	116783036
206.8	116846500
206.9	116910044
207	116975884
207.1	117041316
207.2	117104580
207.3	117167696
207.4	117230404
207.5	117292224
207.6	117355236
207.7	117417980
207.8	117479280
207.9	117541012
208	117603244
208.1	117663968
208.2	117725120
208.3	117786452
208.4	117847556
208.5	117908920
208.6	117970072
208.7	118031248
208.8	118092356
208.9	118154936
209	118215804
209.1	118277436
209.2	118339200
209.3	118399784
209.4	118460492
209.5	118521028
209.6	118580340
209.7	118641128
209.8	118701384
209.9	118761412
210	118821884
210.1	118883800
210.2	118944584
210.3	119006628
210.4	119068616
210.5	119128552
210.6	119190132
210.7	119251856
210.8	119312216
210.9	119372708
211	119433184
211.1	119492828
211.2	119553300
211.3	119613520
211.4	119672600
211.5	119732328
211.6	119792728
211.7	119852212
211.8	119912228
211.9	119971816
212	120030264
212.1	120089848
212.2	120149016
212.3	120206744
212.4	120265304
212.5	120324156
212.6	120382116
212.7	120440452
212.8	120499640
212.9	120557616
213	120616628
213.1	120676476
213.2	120735636
213.3	120796372
213.4	120856372
213.5	120915228
213.6	120974940
213.7	121034880
213.8	121094372
213.9	121154672
214	121214420
214.1	121273116
214.2	121331948
214.3	121391872
214.4	121451168
214.5	121509692
214.6	121568804
214.7	121625912
214.8	121684156
214.9	121742048
215	121798936
215.1	121856844
215.2	121913848
215.3	121970640
215.4	122028164
215.5	122084988
215.6	122142044
215.7	122199312
215.8	122257200
215.9	122314260
216	122371276
216.1	122429492
216.2	122486888
216.3	122546276
216.4	122604496
216.5	122662420
216.6	122721336
216.7	122780332
216.8	122839188
216.9	122897700
217	122956460
217.1	123014076
217.2	123071296
217.3	123128408
217.4	123185612
217.5	123243388
217.6	123300456
217.7	123356576
217.8	123413104
217.9	123469776
218	123526476
218.1	123582728
218.2	123638880
218.3	123694180
218.4	123751400
218.5	123808872
218.6	123864768
218.7	123921288
218.8	123977456
218.9	124033380
219	124089304
219.1	124145484
219.2	124201452
219.3	124256948
219.4	124312960
219.5	124368040
219.6	124423884
219.7	124479384
219.8	124535652
219.9	124591028
220	124645752
220.1	124700556
220.2	124755696
220.3	124811252
220.4	124866800
220.5	124921688
220.6	124977020
220.7	125032136
220.8	125087160
220.9	125142952
221	125197704
221.1	125252784
221.2	125308256
221.3	125363636
221.4	125418300
221.5	125474616
221.6	125530916
221.7	125586468
221.8	125641704
221.9	125696560
222	125751472
222.1	125806152
222.2	125860428
222.3	125914900
222.4	125969212
222.5	126024344
222.6	126077596
222.7	126131884
222.8	126186632
222.9	126241324
223	126295260
223.1	126348784
223.2	126403056
223.3	126457132
223.4	126511840
223.5	126566128
223.6	126620600
223.7	126674604
223.8	126728824
223.9	126783624
224	126838592
224.1	126893924
224.2	126949200
224.3	127005256
224.4	127060664
224.5	127116808
224.6	127172608
224.7	127226436
224.8	127281688
224.9	127336648
225	127391640
225.1	127447976
225.2	127504316
225.3	127560528
225.4	127617404
225.5	127673436
225.6	127729996
225.7	127786980
225.8	127844712
225.9	127901932
226	127958876
226.1	128015244
226.2	128072156
226.3	128129048
226.4	128185864
226.5	128242720
226.6	128299144
226.7	128354712
226.8	128410156
226.9	128466272
227	128521808
227.1	128577540
227.2	128632904
227.3	128687924
227.4	128742968
227.5	128798844
227.6	128854728
227.7	128910532
227.8	128966320
227.9	129022808
228	129078896
228.1	129134608
228.2	129190628
228.3	129247280
228.4	129303420
228.5	129359272
228.6	129415992
228.7	129472196
228.8	129528420
228.9	129585256
229	129642348
229.1	129698972
229.2	129756596
229.3	129813980
229.4	129871360
229.5	129927552
229.6	129984776
229.7	130041036
229.8	130096716
229.9	130152948
230	130208128
230.1	130263068
230.2	130318024
230.3	130373424
230.4	130428544
230.5	130484212
230.6	130539588
230.7	130594892
230.8	130650296
230.9	130705532
231	130761572
231.1	130817524
231.2	130873936
231.3	130929292
231.4	130984600
231.5	131039924
231.6	131094440
231.7	131148632
231.8	131203676
231.9	131257972
232	131311272
232.1	131365264
232.2	131419200
232.3	131472604
232.4	131526516
232.5	131579268
232.6	131632844
232.7	131685840
232.8	131739248
232.9	131791872
233	131845624
233.1	131898844
233.2	131952016
233.3	132005052
233.4	132058712
233.5	132112524
233.6	132166000
233.7	132219408
233.8	132273248
233.9	132326352
234	132379432
234.1	132432956
234.2	132486120
234.3	132539076
234.4	132591660
234.5	132645052
234.6	132697928
234.7	132751084
234.8	132804580
234.9	132857836
235	132910880
235.1	132963920
235.2	133017420
235.3	133070440
235.4	133123424
235.5	133176888
235.6	133230372
235.7	133283580
235.8	133337120
235.9	133390712
236	133444364
236.1	133496948
236.2	133549440
236.3	133602028
236.4	133655632
236.5	133708812
236.6	133762060
236.7	133815448
236.8	133869336
236.9	133922428
237	133975568
237.1	134028880
237.2	134082116
237.3	134134564
237.4	134188036
237.5	134241036
237.6	134293980
237.7	134346864
237.8	134399228
237.9	134451700
238	134504628
238.1	134556948
238.2	134610168
238.3	134663028
238.4	134715956
238.5	134769136
238.6	134822636
238.7	134875104
238.8	134927688
238.9	134980644
239	135034224
239.1	135087000
239.2	135139356
239.3	135192552
239.4	135245200
239.5	135298700
239.6	135351900
239.7	135405240
239.8	135457588
239.9	135509976
240	135562236
240.1	135614924
240.2	135667612
240.3	135720548
240.4	135773364
240.5	135825068
240.6	135877496
240.7	135930308
240.8	135983092
240.9	136034756
241	136087252
241.1	136139876
241.2	136192396
241.3	136244864
241.4	136297680
241.5	136349680
241.6	136401728
241.7	136453356
241.8	136505404
241.9	136557880
242	136609680
242.1	136661424
242.2	136712444
242.3	136763944
242.4	136814944
242.5	136866700
242.6	136918984
242.7	136970252
242.8	137022116
242.9	137073568
243	137124876
243.1	137176212
243.2	137228276
243.3	137279728
243.4	137330916
243.5	137381540
243.6	137432572
243.7	137484352
243.8	137535828
243.9	137587096
244	137639144
244.1	137689464
244.2	137741000
244.3	137792060
244.4	137843184
244.5	137894896
244.6	137946496
244.7	137998028
244.8	138049376
244.9	138101208
245	138153464
245.1	138204132
245.2	138255476
245.3	138307460
245.4	138358268
245.5	138410208
245.6	138461860
245.7	138513884
245.8	138566136
245.9	138617968
246	138670048
246.1	138721324
246.2	138773220
246.3	138825476
246.4	138877324
246.5	138929396
246.6	138980792
246.7	139033168
246.8	139085116
246.9	139137372
247	139189772
247.1	139241176
247.2	139293888
247.3	139346516
247.4	139399128
247.5	139451332
247.6	139502984
247.7	139554760
247.8	139606764
247.9	139659412
248	139711776
248.1	139762900
248.2	139815568
248.3	139867032
248.4	139919432
248.5	139970948
248.6	140022740
248.7	140074540
248.8	140126828
248.9	140178408
249	140230280
249.1	140282688
249.2	140336420
249.3	140389152
249.4	140442532
249.5	140495320
249.6	140547576
249.7	140600112
249.8	140652892
249.9	140705612
250	140757836
250.1	140810680
250.2	140863044
250.3	140915428
250.4	140968656
250.5	141021064
250.6	141072880
250.7	141125304
250.8	141178220
250.9	141230948
251	141284072
251.1	141336624
251.2	141389580
251.3	141441648
251.4	141494504
251.5	141546748
251.6	141600012
251.7	141652800
251.8	141705356
251.9	141758160
252	141810736
252.1	141863556
252.2	141916540
252.3	141969032
252.4	142022268
252.5	142073884
252.6	142126536
252.7	142179408
252.8	142232816
252.9	142285236
253	142338024
253.1	142390400
253.2	142442568
253.3	142495436
253.4	142548404
253.5	142601760
253.6	142654572
253.7	142707344
253.8	142759984
253.9	142812804
254	142866492
254.1	142919472
254.2	142971744
254.3	143024120
254.4	143076936
254.5	143130128
254.6	143183660
254.7	143236616
254.8	143289752
254.9	143342788
255	143395572
255.1	143449008
255.2	143501420
255.3	143553688
255.4	143606452
255.5	143659596
255.6	143712884
255.7	143767188
255.8	143821264
255.9	143875664
256	143929284
256.1	143982472
256.2	144035408
256.3	144089420
256.4	144143396
256.5	144196184
256.6	144248456
256.7	144301312
256.8	144353804
256.9	144406868
257	144459440
257.1	144512864
257.2	144566096
257.3	144618972
257.4	144672228
257.5	144725512
257.6	144779080
257.7	144832876
257.8	144885716
257.9	144938696
258	144991600
258.1	145046608
258.2	145101724
258.3	145155252
258.4	145209652
258.5	145262864
258.6	145316020
258.7	145369100
258.8	145421824
258.9	145474440
259	145527092
259.1	145579600
259.2	145632228
259.3	145684516
259.4	145737216
259.5	145790112
259.6	145842252
259.7	145894868
259.8	145947516
259.9	146000004
260	146052592
260.1	146105580
260.2	146158372
260.3	146210416
260.4	146263520
260.5	146316264
260.6	146370080
260.7	146422196
260.8	146475452
260.9	146527976
261	146580680
261.1	146633196
261.2	146686700
261.3	146739344
261.4	146792216
261.5	146844868
261.6	146898228
261.7	146950584
261.8	147003248
261.9	147055604
262	147107948
262.1	147161212
262.2	147213788
262.3	147266280
262.4	147319936
262.5	147372560
262.6	147425364
262.7	147477816
262.8	147530140
262.9	147582308
263	147635124
263.1	147687744
263.2	147740544
263.3	147792252
263.4	147844660
263.5	147896784
263.6	147949340
263.7	148001712
263.8	148054736
263.9	148106640
264	148159088
264.1	148211552
264.2	148264520
264.3	148316668
264.4	148369812
264.5	148422168
264.6	148475612
264.7	148528000
264.8	148580368
264.9	148633404
265	148686896
265.1	148738836
265.2	148791936
265.3	148844764
265.4	148898320
265.5	148951088
265.6	149004484
265.7	149056688
265.8	149110076
265.9	149162276
266	149214224
266.1	149266016
266.2	149318156
266.3	149369524
266.4	149421844
266.5	149473420
266.6	149526328
266.7	149578420
266.8	149630952
266.9	149682080
267	149733968
267.1	149786252
267.2	149838392
267.3	149889724
267.4	149941684
267.5	149992964
267.6	150044484
267.7	150095988
267.8	150147812
267.9	150199916
268	150251456
268.1	150302540
268.2	150355224
268.3	150407388
268.4	150459880
268.5	150513156
268.6	150565188
268.7	150617864
268.8	150670600
268.9	150723416
269	150777224
269.1	150830724
269.2	150884096
269.3	150936440
269.4	150989216
269.5	151041924
269.6	151095156
269.7	151148736
269.8	151201204
269.9	151253788
270	151306968
270.1	151360608
270.2	151413928
270.3	151467508
270.4	151520956
270.5	151573360
270.6	151626112
270.7	151679212
270.8	151731520
270.9	151783808
271	151836760
271.1	151888880
271.2	151941208
271.3	151993756
271.4	152046392
271.5	152098656
271.6	152150596
271.7	152202480
271.8	152255224
271.9	152307636
272	152359904
272.1	152412516
272.2	152465732
272.3	152517056
272.4	152569488
272.5	152622144
272.6	152675316
272.7	152727516
272.8	152780060
272.9	152832476
273	152885412
273.1	152938672
273.2	152992132
273.3	153045584
273.4	153098252
273.5	153151056
273.6	153204360
273.7	153257772
273.8	153310940
273.9	153365172
274	153419216
274.1	153473032
274.2	153527688
274.3	153582580
274.4	153637648
274.5	153693660
274.6	153749036
274.7	153804484
274.8	153860492
274.9	153916152
275	153971560
275.1	154028000
275.2	154084732
275.3	154141440
275.4	154199372
275.5	154257152
275.6	154314440
275.7	154372700
275.8	154431108
275.9	154489296
276	154548584
276.1	154608344
276.2	154666928
276.3	154728176
276.4	154796868
276.5	154892352
276.6	154976356
276.7	155043716
276.8	155105496
276.9	155169392
277	155234108
277.1	155296976
277.2	155361996
277.3	155426368
277.4	155491124
277.5	155556968
277.6	155622056
277.7	155688284
277.8	155755284
277.9	155821432
278	155888500
278.1	155954844
278.2	156020940
278.3	156087096
278.4	156155240
278.5	156224516
278.6	156293880
278.7	156363652
278.8	156432900
278.9	156503444
279	156575748
279.1	156648688
279.2	156720668
279.3	156793280
279.4	156866532
279.5	156939580
279.6	157013008
279.7	157085928
279.8	157159152
279.9	157232644
280	157307288
280.1	157381360
280.2	157455308
280.3	157528596
280.4	157601412
280.5	157675200
280.6	157749200
280.7	157822920
280.8	157896484
280.9	157970972
281	158046064
281.1	158120472
281.2	158194004
281.3	158270536
281.4	158346892
281.5	158421912
281.6	158497984
281.7	158573536
281.8	158648608
281.9	158724188
282	158800672
282.1	158876624
282.2	158952480
282.3	159028168
282.4	159104160
282.5	159179328
282.6	159254716
282.7	159329636
282.8	159404964
282.9	159480516
283	159555028
283.1	159629420
283.2	159704072
283.3	159777896
283.4	159852196
283.5	159926152
283.6	160000596
283.7	160075980
283.8	160151488
283.9	160226216
284	160301328
284.1	160375148
284.2	160449856
284.3	160524668
284.4	160598720
284.5	160672404
284.6	160746196
284.7	160819940
284.8	160894028
284.9	160967664
285	161041940
285.1	161115936
285.2	161189052
285.3	161262572
285.4	161336404
285.5	161410640
285.6	161484928
285.7	161559244
285.8	161634680
285.9	161708412
286	161782448
286.1	161857140
286.2	161931580
286.3	162004892
286.4	162078880
286.5	162152388
286.6	162226492
286.7	162300284
286.8	162374556
286.9	162448288
287	162521560
287.1	162594620
287.2	162667472
287.3	162740808
287.4	162813976
287.5	162887860
287.6	162960628
287.7	163032808
287.8	163105420
287.9	163177920
288	163250060
288.1	163323248
288.2	163396812
288.3	163471216
288.4	163544900
288.5	163618076
288.6	163691556
288.7	163764224
288.8	163836404
288.9	163909136
289	163981184
289.1	164052976
289.2	164124648
289.3	164196888
289.4	164268648
289.5	164340684
289.6	164413516
289.7	164487108
289.8	164560724
289.9	164633908
290	164707708
290.1	164780008
290.2	164854220
290.3	164927784
290.4	165001876
290.5	165075576
290.6	165149748
290.7	165223236
290.8	165297424
290.9	165370892
291	165443760
291.1	165516728
291.2	165588960
291.3	165660804
291.4	165733292
291.5	165805948
291.6	165877768
291.7	165949248
291.8	166021076
291.9	166093256
292	166164884
292.1	166236180
292.2	166307652
292.3	166378436
292.4	166450164
292.5	166521776
292.6	166593368
292.7	166664664
292.8	166736732
292.9	166807980
293	166879652
293.1	166951324
293.2	167023212
293.3	167094968
293.4	167166308
293.5	167238060
293.6	167309088
293.7	167380324
293.8	167451872
293.9	167521688
294	167592288
294.1	167662468
294.2	167733104
294.3	167802588
294.4	167872488
294.5	167942300
294.6	168011644
294.7	168081836
294.8	168151648
294.9	168221668
295	168292036
295.1	168362456
295.2	168432124
295.3	168502204
295.4	168572168
295.5	168642132
295.6	168711532
295.7	168781740
295.8	168850420
295.9	168920156
296	168989084
296.1	169059352
296.2	169129300
296.3	169198904
296.4	169268988
296.5	169337668
296.6	169407016
296.7	169476272
296.8	169545492
296.9	169614660
297	169683972
297.1	169752464
297.2	169821528
297.3	169889720
297.4	169958324
297.5	170026624
297.6	170094964
297.7	170162504
297.8	170231176
297.9	170298984
298	170366624
298.1	170434304
298.2	170502300
298.3	170570324
298.4	170637348
298.5	170704164
298.6	170771112
298.7	170839304
298.8	170907112
298.9	170974772
299	171042288
299.1	171110556
299.2	171178016
299.3	171245956
299.4	171313072
299.5	171380108
299.6	171448176
299.7	171515232
299.8	171581884
299.9	171649168
300	171715992
300.1	171783384
300.2	171850168
300.3	171916600
300.4	171983312
300.5	172049708
300.6	172116376
300.7	172182752
300.8	172249204
300.9	172315308
301	172381652
301.1	172447668
301.2	172514164
301.3	172580496
301.4	172646776
301.5	172713508
301.6	172779632
301.7	172845996
301.8	172912052
301.9	172978432
302	173044512
302.1	173110676
302.2	173176584
302.3	173242576
302.4	173308844
302.5	173374676
302.6	173440724
302.7	173506584
302.8	173572024
302.9	173637916
303	173703900
303.1	173769848
303.2	173835616
303.3	173901268
303.4	173966780
303.5	174032512
303.6	174097860
303.7	174163392
303.8	174228944
303.9	174294484
304	174360244
304.1	174426092
304.2	174491196
304.3	174556648
304.4	174621932
304.5	174686880
304.6	174752756
304.7	174819132
304.8	174884620
304.9	174949784
305	175014952
305.1	175081128
305.2	175146200
305.3	175212280
305.4	175277860
305.5	175343420
305.6	175409088
305.7	175474880
305.8	175539840
305.9	175604884
306	175669772
306.1	175735352
306.2	175800220
306.3	175866000
306.4	175931152
306.5	175996064
306.6	176061552
306.7	176127064
306.8	176192532
306.9	176257540
307	176322552
307.1	176387876
307.2	176452872
307.3	176517208
307.4	176582156
307.5	176647324
307.6	176712484
307.7	176777276
307.8	176842112
307.9	176907336
308	176972664
308.1	177037560
308.2	177102760
308.3	177168168
308.4	177233164
308.5	177298552
308.6	177363836
308.7	177428704
308.8	177493784
308.9	177559172
309	177624684
309.1	177689696
309.2	177754680
309.3	177819016
309.4	177883772
309.5	177948624
309.6	178013352
309.7	178077620
309.8	178142280
309.9	178206380
310	178270948
310.1	178335472
310.2	178400112
310.3	178465068
310.4	178529576
310.5	178593672
310.6	178658256
310.7	178722672
310.8	178786908
310.9	178851624
311	178916412
311.1	178981224
311.2	179046432
311.3	179110904
311.4	179175860
311.5	179241020
311.6	179305236
311.7	179371060
311.8	179436328
311.9	179502312
312	179567408
312.1	179632308
312.2	179697552
312.3	179763388
312.4	179828716
312.5	179894776
312.6	179960384
312.7	180026764
312.8	180092800
312.9	180158828
313	180225660
313.1	180291668
313.2	180358524
313.3	180424520
313.4	180490688
313.5	180555860
313.6	180621380
313.7	180687672
313.8	180753416
313.9	180818544
314	180883892
314.1	180949352
314.2	181014604
314.3	181079600
314.4	181145484
314.5	181211324
314.6	181277320
314.7	181343672
314.8	181408672
314.9	181474828
315	181541308
315.1	181606952
315.2	181672500
315.3	181738524
315.4	181804308
315.5	181869548
315.6	181935800
315.7	182001480
315.8	182067188
315.9	182132652
316	182198828
316.1	182264468
316.2	182330432
316.3	182396816
316.4	182462832
316.5	182528780
316.6	182595064
316.7	182660576
316.8	182726476
316.9	182793056
317	182858440
317.1	182924604
317.2	182991384
317.3	183057412
317.4	183124080
317.5	183191212
317.6	183258036
317.7	183324504
317.8	183390676
317.9	183457820
318	183524888
318.1	183592456
318.2	183659444
318.3	183726520
318.4	183793432
318.5	183860024
318.6	183927188
318.7	183993940
318.8	184060984
318.9	184127948
319	184194888
319.1	184262808
319.2	184330056
319.3	184397836
319.4	184465656
319.5	184533328
319.6	184601548
319.7	184669900
319.8	184738764
319.9	184806736
320	184875148
320.1	184943276
320.2	185011060
320.3	185078812
320.4	185147240
320.5	185214548
320.6	185281432
320.7	185349388
320.8	185416576
320.9	185484700
321	185552308
321.1	185619708
321.2	185687172
321.3	185754500
321.4	185821164
321.5	185888904
321.6	185956776
321.7	186024572
321.8	186091892
321.9	186160204
322	186227584
322.1	186295364
322.2	186363028
322.3	186430932
322.4	186498388
322.5	186566492
322.6	186633748
322.7	186701332
322.8	186768752
322.9	186836796
323	186903632
323.1	186970980
323.2	187038196
323.3	187105976
323.4	187173600
323.5	187241220
323.6	187309080
323.7	187376512
323.8	187444228
323.9	187512312
324	187579900
324.1	187649048
324.2	187716384
324.3	187784296
324.4	187853612
324.5	187921576
324.6	187990292
324.7	188059056
324.8	188127056
324.9	188195356
325	188263600
325.1	188331980
325.2	188400944
325.3	188469688
325.4	188538844
325.5	188606984
325.6	188674908
325.7	188743372
325.8	188811844
325.9	188880576
326	188949328
326.1	189017876
326.2	189086804
326.3	189155332
326.4	189223632
326.5	189292608
326.6	189361060
326.7	189430068
326.8	189499572
326.9	189569292
327	189639032
327.1	189709508
327.2	189785152
327.3	189880816
327.4	189962296
327.5	190037652
327.6	190110884
327.7	190183956
327.8	190257908
327.9	190332552
328	190407552
328.1	190483804
328.2	190560908
328.3	190637240
328.4	190713028
328.5	190789388
328.6	190864692
328.7	190939984
328.8	191015536
328.9	191090964
329	191166492
329.1	191242816
329.2	191318440
329.3	191395684
329.4	191473756
329.5	191552756
329.6	191631848
329.7	191709876
329.8	191787152
329.9	191864840
330	191942496
330.1	192020648
330.2	192099048
330.3	192176812
330.4	192254524
330.5	192333696
330.6	192411868
330.7	192490296
330.8	192569044
330.9	192648176
331	192728428
331.1	192808736
331.2	192888864
331.3	192968728
331.4	193048156
331.5	193128924
331.6	193209252
331.7	193289752
331.8	193371028
331.9	193452936
332	193534416
332.1	193616088
332.2	193698588
332.3	193782132
332.4	193865344
332.5	193948288
332.6	194032280
332.7	194115704
332.8	194199948
332.9	194284896
333	194369280
333.1	194453960
333.2	194538820
333.3	194623264
333.4	194707516
333.5	194791692
333.6	194877048
333.7	194964264
333.8	195052656
333.9	195142724
334	195232832
334.1	195324396
334.2	195417988
334.3	195514140
334.4	195612240
334.5	195704152
334.6	195793792
334.7	195882416
334.8	195970820
334.9	196058472
335	196145200
335.1	196230972
335.2	196317328
335.3	196403048
335.4	196488148
335.5	196573652
335.6	196657828
335.7	196742128
335.8	196825900
335.9	196909068
336	196992832
336.1	197076004
336.2	197158936
336.3	197241828
336.4	197323900
336.5	197405636
336.6	197488272
336.7	197572312
336.8	197656040
336.9	197739132
337	197822060
337.1	197904912
337.2	197987340
337.3	198070244
337.4	198152088
337.5	198233912
337.6	198316016
337.7	198399044
337.8	198481880
337.9	198564920
338	198647064
338.1	198729632
338.2	198811132
338.3	198893784
338.4	198976492
338.5	199058500
338.6	199140348
338.7	199222612
338.8	199305344
338.9	199387712
339	199470672
339.1	199553596
339.2	199636720
339.3	199720392
339.4	199804220
339.5	199886052
339.6	199968516
339.7	200050372
339.8	200131864
339.9	200212588
340	200293000
340.1	200373896
340.2	200454088
340.3	200535112
340.4	200615320
340.5	200696468
340.6	200776292
340.7	200856352
340.8	200936716
340.9	201016796
341	201096432
341.1	201177228
341.2	201258136
341.3	201338968
341.4	201419244
341.5	201499752
341.6	201580284
341.7	201661300
341.8	201741948
341.9	201820980
342	201899640
342.1	201978736
342.2	202058328
342.3	202138136
342.4	202218216
342.5	202298428
342.6	202378020
342.7	202458656
342.8	202539136
342.9	202618680
343	202699556
343.1	202778396
343.2	202858252
343.3	202936724
343.4	203016052
343.5	203094680
343.6	203174360
343.7	203252368
343.8	203329920
343.9	203407476
344	203485524
344.1	203562968
344.2	203640312
344.3	203717820
344.4	203794664
344.5	203872340
344.6	203948352
344.7	204024940
344.8	204102256
344.9	204179008
345	204256092
345.1	204333180
345.2	204410196
345.3	204488004
345.4	204565528
345.5	204643248
345.6	204722144
345.7	204799396
345.8	204876672
345.9	204954100
346	205031088
346.1	205108588
346.2	205186312
346.3	205262852
346.4	205339368
346.5	205416308
346.6	205492548
346.7	205569516
346.8	205645896
346.9	205722456
347	205799072
347.1	205876060
347.2	205952908
347.3	206029404
347.4	206106668
347.5	206183152
347.6	206259276
347.7	206335316
347.8	206412244
347.9	206487780
348	206563904
348.1	206639648
348.2	206714796
348.3	206790712
348.4	206866664
348.5	206943448
348.6	207019236
348.7	207095216
348.8	207171368
348.9	207247656
349	207324124
349.1	207401004
349.2	207476996
349.3	207553236
349.4	207629944
349.5	207706120
349.6	207781852
349.7	207857916
349.8	207933800
349.9	208009588
350	208085884