%  hypsometry data
%  created by Bryce Glenn, Julian Cross, and Maciek Obryk
%  orthometric heights
%  based on local datum (WGS84 +53.4 m)
%  Depth h (m)    Area A Min RIS (m^2)	
-4.512	0
-4.412	4
-4.312	24
-4.212	280
-4.112	1740
-4.012	5952
-3.912	13904
-3.812	24792
-3.712	38160
-3.612	54512
-3.512	72460
-3.412	89496
-3.312	104396
-3.212	120052
-3.112	135380
-3.012	150756
-2.912	165964
-2.812	180672
-2.712	194740
-2.612	208820
-2.512	223092
-2.412	235744
-2.312	246484
-2.212	256060
-2.112	265680
-2.012	274972
-1.912	284092
-1.812	293708
-1.712	303512
-1.612	315484
-1.512	327872
-1.412	341676
-1.312	354544
-1.212	367164
-1.112	379576
-1.012	391996
-0.912	405448
-0.812	419776
-0.712	437284
-0.612	458084
-0.512	483540
-0.412	509016
-0.312	530760
-0.212	550224
-0.112	567592
-0.012	584060
0.088	599012
0.188	613628
0.288	627312
0.388	640736
0.488	652880
0.588	664712
0.688	675676
0.788	686008
0.888	695908
0.988	705504
1.088	715352
1.188	724812
1.288	734196
1.388	743736
1.488	753900
1.588	764460
1.688	775088
1.788	785596
1.889	795900
1.989	806432
2.089	817252
2.189	828656
2.289	841176
2.389	856612
2.489	877988
2.589	904560
2.689	932540
2.789	960412
2.889	987884
2.989	1014328
3.089	1040548
3.189	1067604
3.289	1095504
3.389	1123456
3.489	1151384
3.589	1178592
3.689	1204076
3.789	1226124
3.889	1246856
3.989	1266928
4.089	1286236
4.189	1305480
4.289	1326360
4.389	1348436
4.489	1371040
4.589	1394472
4.689	1419100
4.789	1444616
4.889	1470188
4.989	1496140
5.089	1522144
5.189	1549144
5.289	1579584
5.389	1617660
5.489	1663204
5.589	1712620
5.689	1758552
5.789	1798996
5.889	1837172
5.989	1872504
6.089	1906032
6.189	1937916
6.289	1966480
6.389	1995268
6.489	2023692
6.589	2052488
6.689	2079524
6.789	2104296
6.889	2128044
6.989	2151192
7.089	2174428
7.189	2198544
7.289	2223172
7.389	2249428
7.489	2276700
7.589	2304628
7.689	2332492
7.789	2358768
7.889	2383804
7.989	2408444
8.089	2433692
8.189	2459168
8.289	2485720
8.389	2511780
8.489	2539736
8.589	2567964
8.689	2594608
8.789	2619968
8.889	2644792
8.989	2669148
9.089	2692700
9.189	2716144
9.289	2740628
9.389	2765304
9.489	2790440
9.589	2814848
9.689	2837808
9.789	2860832
9.889	2883108
9.989	2905540
10.089	2928220
10.189	2951880
10.289	2976352
10.389	3003576
10.489	3033372
10.589	3065828
10.689	3101900
10.789	3138960
10.889	3177904
10.989	3219604
11.089	3266624
11.189	3324752
11.289	3399268
11.389	3489956
11.489	3596240
11.589	3715628
11.689	3848712
11.789	3989568
11.889	4131596
11.989	4270220
12.089	4400484
12.189	4527420
12.289	4656352
12.389	4782788
12.489	4900248
12.589	4997844
12.689	5074024
12.789	5137464
12.889	5194644
12.989	5246548
13.089	5295404
13.189	5339988
13.289	5379452
13.389	5414664
13.489	5447980
13.589	5479764
13.689	5510512
13.789	5540456
13.889	5570596
13.989	5600584
14.089	5631112
14.189	5662296
14.289	5693920
14.389	5725860
14.489	5757684
14.589	5790596
14.689	5823580
14.789	5856320
14.889	5889604
14.989	5923864
15.089	5958776
15.189	5996392
15.289	6037788
15.389	6084924
15.489	6140580
15.589	6205536
15.689	6279448
15.789	6357208
15.889	6437768
15.989	6520624
16.089	6600332
16.189	6666564
16.289	6723208
16.389	6773244
16.489	6818820
16.589	6860748
16.689	6900496
16.789	6938428
16.889	6973684
16.989	6999576
17.089	7012432
17.189	7020212
17.289	7027672
17.389	7054624
17.489	7148320
17.589	7228172
17.689	7275684
17.789	7317668
17.889	7358268
17.989	7398828
18.089	7441060
18.189	7483156
18.289	7526940
18.389	7571356
18.489	7617868
18.589	7664640
18.689	7711056
18.789	7755200
18.889	7797176
18.989	7839712
19.089	7882256
19.189	7925312
19.289	7969900
19.389	8014920
19.489	8061136
19.589	8108760
19.689	8157692
19.789	8205956
19.889	8254016
19.989	8303388
20.089	8354132
20.189	8409004
20.289	8461860
20.389	8513064
20.489	8561684
20.589	8607884
20.689	8653164
20.789	8696088
20.889	8738464
20.989	8779716
21.089	8819216
21.189	8857920
21.289	8896952
21.389	8936132
21.489	8975940
21.589	9015476
21.689	9055184
21.789	9095756
21.889	9137380
21.989	9179544
22.089	9221620
22.189	9264944
22.289	9309408
22.389	9354428
22.489	9397520
22.589	9440500
22.689	9484540
22.789	9528660
22.889	9571804
22.989	9615104
23.089	9659296
23.189	9703976
23.289	9749008
23.389	9793476
23.489	9838580
23.589	9884360
23.689	9930212
23.789	9975496
23.889	10022816
23.989	10068904
24.089	10115280
24.189	10161136
24.289	10209456
24.389	10258532
24.489	10306472
24.589	10354916
24.689	10403304
24.789	10452772
24.889	10502652
24.989	10553900
25.089	10606076
25.189	10656756
25.289	10705012
25.389	10752304
25.489	10797816
25.589	10842000
25.689	10885376
25.789	10928132
25.889	10971744
25.989	11016356
26.089	11063092
26.189	11108956
26.289	11154304
26.389	11199380
26.489	11243908
26.589	11289392
26.689	11335612
26.789	11383924
26.889	11431608
26.989	11481096
27.089	11529936
27.189	11577748
27.289	11627276
27.389	11675992
27.489	11725616
27.589	11773652
27.689	11821392
27.789	11869688
27.889	11915772
27.989	11961524
28.089	12006788
28.189	12052364
28.289	12096012
28.389	12138852
28.489	12195336
28.589	12248852
28.689	12311768
28.789	12365908
28.889	12413512
28.989	12457688
29.089	12501048
29.189	12544992
29.289	12588364
29.389	12633992
29.489	12680048
29.589	12727512
29.689	12774664
29.789	12820776
29.889	12866864
29.989	12912716
30.089	12959044
30.189	13006068
30.289	13054420
30.389	13103696
30.489	13151300
30.589	13197616
30.689	13245404
30.789	13292796
30.889	13339588
30.989	13392612
31.089	13441104
31.189	13489392
31.289	13537740
31.389	13585492
31.489	13634316
31.589	13688736
31.689	13742804
31.789	13795988
31.889	13847548
31.989	13897164
32.089	13946408
32.190	13995264
32.290	14043880
32.390	14094172
32.490	14145008
32.590	14196880
32.690	14247872
32.790	14298364
32.890	14350072
32.990	14402600
33.090	14456912
33.190	14514004
33.290	14572308
33.390	14630928
33.490	14689496
33.590	14756128
33.690	14818376
33.790	14878964
33.890	14939344
33.990	14997720
34.090	15056524
34.190	15115108
34.290	15173260
34.390	15231320
34.490	15288500
34.590	15348784
34.690	15404708
34.790	15460260
34.890	15516304
34.990	15572344
35.090	15628244
35.190	15683952
35.290	15740236
35.390	15795848
35.490	15851172
35.590	15906444
35.690	15961452
35.790	16016056
35.890	16070852
35.990	16125256
36.090	16181068
36.190	16236756
36.290	16289700
36.390	16340940
36.490	16391280
36.590	16440424
36.690	16489228
36.790	16538336
36.890	16589088
36.990	16641136
37.090	16692412
37.190	16742796
37.290	16793852
37.390	16843816
37.490	16892240
37.590	16940356
37.690	16987756
37.790	17034580
37.890	17081580
37.990	17127700
38.090	17173456
38.190	17219640
38.290	17264764
38.390	17309764
38.490	17354204
38.590	17398092
38.690	17442416
38.790	17486424
38.890	17530884
38.990	17576912
39.090	17624248
39.190	17672392
39.290	17721628
39.390	17769228
39.490	17817064
39.590	17864160
39.690	17912120
39.790	17958172
39.890	18001600
39.990	18044812
40.090	18086608
40.190	18127388
40.290	18166716
40.390	18206656
40.490	18247388
40.590	18288596
40.690	18330896
40.790	18372132
40.890	18412520
40.990	18452484
41.090	18491536
41.190	18530344
41.290	18569436
41.390	18607952
41.490	18644180
41.590	18680532
41.690	18717008
41.790	18753096
41.890	18789692
41.990	18826484
42.090	18862608
42.190	18897340
42.290	18930940
42.390	18964740
42.490	18996512
42.590	19027796
42.690	19058428
42.790	19090176
42.890	19121816
42.990	19152696
43.090	19183380
43.190	19214208
43.290	19244476
43.390	19275004
43.490	19304648
43.590	19335036
43.690	19364904
43.790	19395264
43.890	19426536
43.990	19458108
44.090	19489088
44.190	19520908
44.290	19552688
44.390	19584212
44.490	19616912
44.590	19649220
44.690	19681840
44.790	19713628
44.890	19745016
44.990	19776920
45.090	19808620
45.190	19840492
45.290	19871736
45.390	19903132
45.490	19933096
45.590	19963056
45.690	19993780
45.790	20023704
45.890	20053528
45.990	20083112
46.090	20112992
46.190	20143164
46.290	20173392
46.390	20203768
46.490	20234592
46.590	20265624
46.690	20296368
46.790	20326692
46.890	20356952
46.990	20386644
47.090	20416368
47.190	20445724
47.290	20475068
47.390	20504116
47.490	20533000
47.590	20562152
47.690	20590976
47.790	20619720
47.890	20648352
47.990	20677356
48.090	20706536
48.190	20736348
48.290	20765068
48.390	20794580
48.490	20823624
48.590	20853460
48.690	20883252
48.790	20912780
48.890	20942840
48.990	20973088
49.090	21004268
49.190	21035600
49.290	21067260
49.390	21099220
49.490	21131084
49.590	21162136
49.690	21193556
49.790	21225416
49.890	21258052
49.990	21291512
50.090	21325104
50.190	21358848
50.290	21391028
50.390	21423872
50.490	21456292
50.590	21488516
50.690	21521688
50.790	21554392
50.890	21587276
50.990	21620840
51.090	21655348
51.190	21688648
51.290	21720656
51.390	21753232
51.490	21785284
51.590	21817684
51.690	21849464
51.790	21880764
51.890	21911964
51.990	21943452
52.090	21973844
52.190	22005276
52.290	22036964
52.390	22068148
52.490	22099204
52.590	22129528
52.690	22159176
52.790	22188036
52.890	22217556
52.990	22246544
53.090	22275604
53.190	22304880
53.290	22334068
53.390	22364024
53.490	22393568
53.590	22423968
53.690	22454036
53.790	22484172
53.890	22514296
53.990	22543740
54.090	22573628
54.190	22603000
54.290	22633256
54.390	22662884
54.490	22693340
54.590	22724056
54.690	22754616
54.790	22785116
54.890	22816168
54.990	22847752
55.090	22880064
55.190	22912540
55.290	22946204
55.390	22981172
55.490	23016436
55.590	23050308
55.690	23084756
55.790	23117940
55.890	23151972
55.990	23185728
56.090	23220468
56.190	23255904
56.290	23291304
56.390	23325308
56.490	23359884
56.590	23393692
56.690	23427420
56.790	23460704
56.890	23492812
56.990	23523880
57.090	23553808
57.190	23583312
57.290	23612888
57.390	23643424
57.490	23673900
57.590	23704000
57.690	23734320
57.790	23764296
57.890	23794616
57.990	23823248
58.090	23852984
58.190	23883072
58.290	23913452
58.390	23944228
58.490	23975348
58.590	24006200
58.690	24037064
58.790	24068120
58.890	24098312
58.990	24127932
59.090	24157372
59.190	24186684
59.290	24216020
59.390	24245984
59.490	24276408
59.590	24309124
59.690	24342956
59.790	24374276
59.890	24405580
59.990	24436792
60.090	24468508
60.190	24500756
60.290	24532896
60.390	24564988
60.490	24597140
60.590	24629156
60.690	24661044
60.790	24693132
60.890	24726060
60.990	24759412
61.090	24792196
61.190	24824528
61.290	24856316
61.390	24887528
61.490	24918724
61.590	24948740
61.690	24978856
61.790	25008592
61.890	25038416
61.990	25068076
62.090	25097404
62.190	25126480
62.290	25156532
62.390	25186224
62.491	25216228
62.591	25246052
62.691	25275576
62.791	25304484
62.891	25332540
62.991	25360092
63.091	25387376
63.191	25415972
63.291	25442416
63.391	25468908
63.491	25494980
63.591	25521024
63.691	25546584
63.791	25571760
63.891	25597328
63.991	25623132
64.091	25649124
64.191	25675484
64.291	25700648
64.391	25725520
64.491	25750544
64.591	25775384
64.691	25799836
64.791	25824096
64.891	25848224
64.991	25872192
65.091	25896108
65.191	25920144
65.291	25944392
65.391	25968176
65.491	25991996
65.591	26016940
65.691	26042028
65.791	26066676
65.891	26091160
65.991	26115300
66.091	26139092
66.191	26163040
66.291	26187512
66.391	26212732
66.491	26238292
66.591	26265224
66.691	26291872
66.791	26319120
66.891	26346452
66.991	26374772
67.091	26402800
67.191	26430536
67.291	26459320
67.391	26487960
67.491	26515908
67.591	26543416
67.691	26570932
67.791	26598036
67.891	26624144
67.991	26651024
68.091	26677656
68.191	26704388
68.291	26731664
68.391	26759072
68.491	26786348
68.591	26813472
68.691	26841032
68.791	26868492
68.891	26895800
68.991	26923748
69.091	26950460
69.191	26976752
69.291	27003036
69.391	27029428
69.491	27056020
69.591	27082720
69.691	27112772
69.791	27142900
69.891	27169620
69.991	27196100
70.091	27222552
70.191	27248448
70.291	27277272
70.391	27305840
70.491	27334476
70.591	27362004
70.691	27389392
70.791	27415660
70.891	27441772
70.991	27467380
71.091	27494180
71.191	27520112
71.291	27545892
71.391	27571324
71.491	27596700
71.591	27621920
71.691	27647776
71.791	27673304
71.891	27699524
71.991	27725656
72.091	27750668
72.191	27775536
72.291	27800884
72.391	27825796
72.491	27850628
72.591	27875104
72.691	27899656
72.791	27923892
72.891	27948624
72.991	27973104
73.091	27997204
73.191	28021704
73.291	28045764
73.391	28070596
73.491	28095720
73.591	28121576
73.691	28147092
73.791	28172708
73.891	28198764
73.991	28224836
74.091	28250912
74.191	28277428
74.291	28303768
74.391	28330244
74.491	28356508
74.591	28383880
74.691	28411624
74.791	28440036
74.891	28468272
74.991	28496708
75.091	28525908
75.191	28555640
75.291	28585916
75.391	28616556
75.491	28647032
75.591	28677628
75.691	28707124
75.791	28736700
75.891	28766600
75.991	28796140
76.091	28825680
76.191	28855112
76.291	28884696
76.391	28914152
76.491	28943500
76.591	28972268
76.691	29000720
76.791	29029752
76.891	29058108
76.991	29086320
77.091	29114320
77.191	29142300
77.291	29170876
77.391	29199864
77.491	29229836
77.591	29260552
77.691	29291356
77.791	29321704
77.891	29351516
77.991	29381036
78.091	29410708
78.191	29440192
78.291	29469752
78.391	29498704
78.491	29528072
78.591	29557248
78.691	29586720
78.791	29615820
78.891	29645964
78.991	29675388
79.091	29704436
79.191	29733880
79.291	29764392
79.391	29794072
79.491	29823760
79.591	29853440
79.691	29883020
79.791	29913364
79.891	29944604
79.991	29975656
80.091	30007112
80.191	30038748
80.291	30070784
80.391	30103080
80.491	30134764
80.591	30167944
80.691	30200852
80.791	30234372
80.891	30268128
80.991	30302352
81.091	30337768
81.191	30374032
81.291	30411180
81.391	30448544
81.491	30487456
81.591	30526808
81.691	30567812
81.791	30608648
81.891	30650212
81.991	30692392
82.091	30734536
82.191	30777556
82.291	30821740
82.391	30867716
82.491	30915688
82.591	30963800
82.691	31012244
82.791	31060728
82.891	31109644
82.991	31157828
83.091	31207136
83.191	31254996
83.291	31302812
83.391	31350080
83.491	31396884
83.591	31443172
83.691	31489672
83.791	31535912
83.891	31582220
83.991	31627896
84.091	31674264
84.191	31720112
84.291	31764952
84.391	31810316
84.491	31855976
84.591	31901572
84.691	31946356
84.791	31992000
84.891	32036468
84.991	32080572
85.091	32124240
85.191	32168796
85.291	32214768
85.391	32261848
85.491	32309924
85.591	32357788
85.691	32404004
85.791	32449496
85.891	32495672
85.991	32542128
86.091	32588676
86.191	32635420
86.291	32681504
86.391	32729220
86.491	32777764
86.591	32826040
86.691	32876044
86.791	32925384
86.891	32973404
86.991	33021768
87.091	33069200
87.191	33117616
87.291	33165680
87.391	33213212
87.491	33260860
87.591	33309564
87.691	33358420
87.791	33407576
87.891	33457304
87.991	33506412
88.091	33555648
88.191	33605016
88.291	33654556
88.391	33703644
88.491	33754120
88.591	33805136
88.691	33856464
88.791	33907092
88.891	33957620
88.991	34007552
89.091	34057776
89.191	34105920
89.291	34155536
89.391	34205500
89.491	34255504
89.591	34305324
89.691	34355876
89.791	34405848
89.891	34456712
89.991	34507660
90.091	34557748
90.191	34608780
90.291	34661184
90.391	34715700
90.491	34769788
90.591	34824392
90.691	34879600
90.791	34936136
90.891	34991624
90.991	35045924
91.091	35100100
91.191	35153564
91.291	35205620
91.391	35255132
91.491	35304308
91.591	35352616
91.691	35399604
91.791	35446576
91.891	35494972
91.991	35544140
92.091	35593220
92.191	35641944
92.291	35689216
92.391	35736808
92.491	35784212
92.591	35832360
92.692	35879492
92.792	35926240
92.892	35973328
92.992	36020360
93.092	36066352
93.192	36112052
93.292	36157692
93.392	36202424
93.492	36246964
93.592	36291384
93.692	36336608
93.792	36382128
93.892	36427576
93.992	36472484
94.092	36519564
94.192	36566376
94.292	36613884
94.392	36662976
94.492	36712712
94.592	36762148
94.692	36813820
94.792	36865928
94.892	36917028
94.992	36967004
95.092	37016188
95.192	37065592
95.292	37114380
95.392	37162076
95.492	37209028
95.592	37256924
95.692	37304952
95.792	37353048
95.892	37400888
95.992	37448284
96.092	37498212
96.192	37546928
96.292	37594108
96.392	37642264
96.492	37691160
96.592	37739684
96.692	37789904
96.792	37843984
96.892	37898752
96.992	37951012
97.092	38001400
97.192	38049948
97.292	38098944
97.392	38147016
97.492	38194828
97.592	38243784
97.692	38291804
97.792	38339620
97.892	38390696
97.992	38442136
98.092	38494484
98.192	38547708
98.292	38601360
98.392	38677236
98.492	38765816
98.592	38840608
98.692	38907956
98.792	38973100
98.892	39040456
98.992	39112540
99.092	39183032
99.192	39251764
99.292	39322272
99.392	39389616
99.492	39457316
99.592	39524840
99.692	39592680
99.792	39658544
99.892	39725848
99.992	39792500
100.092	39857372
100.192	39920692
100.292	39983720
100.392	40043728
100.492	40102604
100.592	40161400
100.692	40220840
100.792	40280516
100.892	40341460
100.992	40400532
101.092	40458928
101.192	40516180
101.292	40572672
101.392	40627496
101.492	40682804
101.592	40737284
101.692	40791652
101.792	40844208
101.892	40897280
101.992	40949036
102.092	41001944
102.192	41054260
102.292	41105720
102.392	41157740
102.492	41208604
102.592	41261672
102.692	41315416
102.792	41368764
102.892	41421476
102.992	41474132
103.092	41526124
103.192	41576964
103.292	41626660
103.392	41679208
103.492	41731992
103.592	41785140
103.692	41839744
103.792	41892940
103.892	41945592
103.992	41997908
104.092	42050792
104.192	42105832
104.292	42160140
104.392	42215908
104.492	42269268
104.592	42322816
104.692	42376604
104.792	42429428
104.892	42480424
104.992	42530556
105.092	42579988
105.192	42629280
105.292	42677864
105.392	42727212
105.492	42777696
105.592	42828044
105.692	42878444
105.792	42928568
105.892	42977280
105.992	43025964
106.092	43075500
106.192	43125500
106.292	43175856
106.392	43226264
106.492	43277284
106.592	43328636
106.692	43380776
106.792	43434024
106.892	43486820
106.992	43538852
107.092	43591112
107.192	43642780
107.292	43694144
107.392	43745296
107.492	43794344
107.592	43844556
107.692	43894048
107.792	43942976
107.892	43991244
107.992	44039068
108.092	44086788
108.192	44136124
108.292	44184100
108.392	44230912
108.492	44278108
108.592	44325888
108.692	44376008
108.792	44425664
108.892	44472552
108.992	44518676
109.092	44564652
109.192	44611032
109.292	44656364
109.392	44702996
109.492	44748648
109.592	44793648
109.692	44838896
109.792	44883044
109.892	44927908
109.992	44971908
110.092	45015420
110.192	45057980
110.292	45101020
110.392	45142904
110.492	45184324
110.592	45225672
110.692	45267060
110.792	45307360
110.892	45348152
110.992	45388536
111.092	45428116
111.192	45468040
111.292	45507524
111.392	45547640
111.492	45587200
111.592	45627632
111.692	45667908
111.792	45707664
111.892	45747128
111.992	45786452
112.092	45826480
112.192	45867772
112.292	45908012
112.392	45948620
112.492	45989528
112.592	46030084
112.692	46071280
112.792	46112060
112.892	46153304
112.992	46193792
113.092	46235284
113.192	46276184
113.292	46317388
113.392	46358324
113.492	46398684
113.592	46439364
113.692	46479532
113.792	46519420
113.892	46560060
113.992	46601136
114.092	46641808
114.192	46681916
114.292	46722024
114.392	46763244
114.492	46804860
114.592	46846028
114.692	46885868
114.792	46926860
114.892	46969368
114.992	47011152
115.092	47053372
115.192	47095020
115.292	47136668
115.392	47179080
115.492	47221216
115.592	47261804
115.692	47303352
115.792	47344692
115.892	47384112
115.992	47423604
116.092	47463240
116.192	47503084
116.292	47542724
116.392	47582240
116.492	47622344
116.592	47663388
116.692	47704288
116.792	47745668
116.892	47786380
116.992	47826660
117.092	47867656
117.192	47908216
117.292	47948264
117.392	47987724
117.492	48027632
117.592	48067852
117.692	48107700
117.792	48148656
117.892	48190088
117.992	48230136
118.092	48270344
118.192	48311112
118.292	48351344
118.392	48390008
118.492	48427396
118.592	48464388
118.692	48501328
118.792	48538108
118.892	48574636
118.992	48610608
119.092	48645280
119.192	48679576
119.292	48711996
119.392	48746376
119.492	48780000
119.592	48813824
119.692	48848568
119.792	48882716
119.892	48917840
119.992	48952864
120.092	48987204
120.192	49023044
120.292	49058500
120.392	49093716
120.492	49130076
120.592	49166316
120.692	49203088
120.792	49240604
120.892	49280008
120.992	49319032
121.092	49358448
121.192	49397048
121.292	49434588
121.392	49471500
121.492	49508084
121.592	49544652
121.692	49581036
121.792	49620052
121.892	49657856
121.992	49693716
122.092	49729192
122.192	49764308
122.292	49799304
122.392	49833864
122.492	49867272
122.592	49900476
122.692	49934256
122.792	49967416
122.892	50000572
122.993	50033516
123.093	50066036
123.193	50098536
123.293	50130772
123.393	50162264
123.493	50194620
123.593	50227496
123.693	50260192
123.793	50293600
123.893	50326744
123.993	50359204
124.093	50392612
124.193	50425860
124.293	50459012
124.393	50492056
124.493	50526432
124.593	50560712
124.693	50595844
124.793	50630564
124.893	50665084
124.993	50700052
125.093	50735248
125.193	50770548
125.293	50806544
125.393	50841400
125.493	50876812
125.593	50912148
125.693	50947720
125.793	50982952
125.893	51018028
125.993	51053328
126.093	51088388
126.193	51123016
126.293	51157392
126.393	51191640
126.493	51226288
126.593	51260364
126.693	51293712
126.793	51327620
126.893	51362828
126.993	51397276
127.093	51432004
127.193	51466968
127.293	51501628
127.393	51537800
127.493	51574920
127.593	51612024
127.693	51648956
127.793	51686580
127.893	51722888
127.993	51758612
128.093	51794444
128.193	51829544
128.293	51864764
128.393	51900004
128.493	51934628
128.593	51969364
128.693	52003820
128.793	52038704
128.893	52073680
128.993	52107708
129.093	52142400
129.193	52176832
129.293	52212904
129.393	52247512
129.493	52282124
129.593	52317560
129.693	52352452
129.793	52387196
129.893	52421672
129.993	52456600
130.093	52491820
130.193	52527536
130.293	52561428
130.393	52595612
130.493	52630184
130.593	52666384
130.693	52702540
130.793	52736348
130.893	52770148
130.993	52803896
131.093	52837624
131.193	52870956
131.293	52903996
131.393	52936904
131.493	52969196
131.593	53002712
131.693	53036048
131.793	53069808
131.893	53102832
131.993	53136124
132.093	53169652
132.193	53204100
132.293	53239012
132.393	53277296
132.493	53314836
132.593	53352036
132.693	53388952
132.793	53425804
132.893	53462540
132.993	53499048
133.093	53535876
133.193	53572352
133.293	53608736
133.393	53645196
133.493	53680848
133.593	53716912
133.693	53753128
133.793	53789840
133.893	53826932
133.993	53864624
134.093	53903916
134.193	53942980
134.293	53983180
134.393	54023048
134.493	54062028
134.593	54100384
134.693	54138264
134.793	54176092
134.893	54213008
134.993	54249920
135.093	54287512
135.193	54325316
135.293	54362336
135.393	54399836
135.493	54437328
135.593	54474772
135.693	54511784
135.793	54549284
135.893	54586464
135.993	54623324
136.093	54660128
136.193	54695936
136.293	54732764
136.393	54768280
136.493	54802964
136.593	54837952
136.693	54873360
136.793	54909248
136.893	54945208
136.993	54981096
137.093	55017628
137.193	55053804
137.293	55090676
137.393	55126904
137.493	55163328
137.593	55198596
137.693	55233856
137.793	55270540
137.893	55307200
137.993	55344044
138.093	55380396
138.193	55415900
138.293	55450880
138.393	55485580
138.493	55519004
138.593	55552712
138.693	55586940
138.793	55621060
138.893	55654220
138.993	55686984
139.093	55719908
139.193	55752944
139.293	55786356
139.393	55819780
139.493	55853668
139.593	55886920
139.693	55920504
139.793	55953816
139.893	55986740
139.993	56019372
140.093	56052044
140.193	56084980
140.293	56117964
140.393	56150536
140.493	56182860
140.593	56215352
140.693	56248120
140.793	56281708
140.893	56315888
140.993	56349996
141.093	56383604
141.193	56416152
141.293	56448080
141.393	56480416
141.493	56512220
141.593	56543936
141.693	56575516
141.793	56607680
141.893	56638524
141.993	56671076
142.093	56703696
142.193	56736724
142.293	56769288
142.393	56802324
142.493	56834988
142.593	56867448
142.693	56900532
142.793	56932688
142.893	56965928
142.993	56998544
143.093	57031568
143.193	57064904
143.293	57097824
143.393	57131020
143.493	57164076
143.593	57197224
143.693	57230416
143.793	57262308
143.893	57294204
143.993	57326332
144.093	57358388
144.193	57391044
144.293	57424564
144.393	57457380
144.493	57490444
144.593	57523552
144.693	57556812
144.793	57589540
144.893	57621836
144.993	57654004
145.093	57685884
145.193	57717260
145.293	57748144
145.393	57779484
145.493	57811184
145.593	57842456
145.693	57873924
145.793	57904636
145.893	57935228
145.993	57965304
146.093	57995484
146.193	58025292
146.293	58055428
146.393	58085864
146.493	58116504
146.593	58147040
146.693	58177504
146.793	58207844
146.893	58238660
146.993	58269512
147.093	58300464
147.193	58330928
147.293	58361100
147.393	58390684
147.493	58420340
147.593	58450596
147.693	58480616
147.793	58510728
147.893	58541664
147.993	58573324
148.093	58604780
148.193	58636056
148.293	58667760
148.393	58699404
148.493	58731504
148.593	58762760
148.693	58794220
148.793	58826540
148.893	58858044
148.993	58890112
149.093	58921444
149.193	58953068
149.293	58984452
149.393	59015716
149.493	59046968
149.593	59078392
149.693	59109996
149.793	59141548
149.893	59172128
149.993	59202964
150.093	59233628
150.193	59264928
150.293	59296224
150.393	59327600
150.493	59359740
150.593	59391880
150.693	59424460
150.793	59458144
150.893	59492500
150.993	59526664
151.093	59561112
151.193	59595228
151.293	59628876
151.393	59662540
151.493	59696208
151.593	59729352
151.693	59762080
151.793	59794936
151.893	59827348
151.993	59859664
152.093	59893216
152.193	59927856
152.293	59961788
152.393	59996924
152.493	60031280
152.593	60066904
152.693	60102400
152.793	60138316
152.893	60172480
152.993	60207088
153.093	60241380
153.193	60276516
153.294	60311248
153.394	60345168
153.494	60378228
153.594	60411980
153.694	60445016
153.794	60477740
153.894	60509036
153.994	60540460
154.094	60571360
154.194	60602120
154.294	60633144
154.394	60664748
154.494	60695672
154.594	60727264
154.694	60759264
154.794	60791396
154.894	60824444
154.994	60857388
155.094	60890980
155.194	60925428
155.294	60959792
155.394	60993920
155.494	61027284
155.594	61061676
155.694	61095372
155.794	61128820
155.894	61162876
155.994	61196704
156.094	61230868
156.194	61264296
156.294	61300036
156.394	61335336
156.494	61369856
156.594	61404352
156.694	61438544
156.794	61472988
156.894	61507172
156.994	61541464
157.094	61576432
157.194	61611808
157.294	61647692
157.394	61682840
157.494	61719100
157.594	61754604
157.694	61790976
157.794	61827228
157.894	61865304
157.994	61905688
158.094	61944616
158.194	61983008
158.294	62021096
158.394	62059808
158.494	62097320
158.594	62136184
158.694	62175732
158.794	62215508
158.894	62254104
158.994	62291700
159.094	62330008
159.194	62368088
159.294	62407500
159.394	62446100
159.494	62485228
159.594	62523888
159.694	62562312
159.794	62600488
159.894	62639704
159.994	62678648
160.094	62717660
160.194	62755892
160.294	62794580
160.394	62833604
160.494	62873128
160.594	62912576
160.694	62952104
160.794	62992128
160.894	63032440
160.994	63072356
161.094	63113088
161.194	63154404
161.294	63195660
161.394	63236188
161.494	63277292
161.594	63318068
161.694	63359572
161.794	63400516
161.894	63442332
161.994	63484044
162.094	63524916
162.194	63567364
162.294	63610616
162.394	63653248
162.494	63695824
162.594	63737876
162.694	63779900
162.794	63822996
162.894	63866580
162.994	63910196
163.094	63955180
163.194	63998116
163.294	64042152
163.394	64085116
163.494	64129092
163.594	64173360
163.694	64218028
163.794	64262592
163.894	64307780
163.994	64352400
164.094	64396180
164.194	64439680
164.294	64483052
164.394	64526652
164.494	64571140
164.594	64614460
164.694	64657364
164.794	64699776
164.894	64742752
164.994	64785504
165.094	64829516
165.194	64872724
165.294	64915864
165.394	64962540
165.494	65008776
165.594	65055744
165.694	65102980
165.794	65151600
165.894	65198716
165.994	65245844
166.094	65292304
166.194	65339044
166.294	65386412
166.394	65433624
166.494	65481748
166.594	65529316
166.694	65578136
166.794	65627344
166.894	65676556
166.994	65727296
167.094	65778836
167.194	65830976
167.294	65882912
167.394	65934300
167.494	65985924
167.594	66038540
167.694	66089740
167.794	66140212
167.894	66191444
167.994	66242092
168.094	66292060
168.194	66341032
168.294	66390660
168.394	66439432
168.494	66490132
168.594	66539328
168.694	66588880
168.794	66637356
168.894	66686336
168.994	66736552
169.094	66787104
169.194	66836384
169.294	66885812
169.394	66934420
169.494	66982640
169.594	67029672
169.694	67076904
169.794	67122996
169.894	67169348
169.994	67215444
170.094	67261632
170.194	67308296
170.294	67353388
170.394	67399764
170.494	67445176
170.594	67490180
170.694	67535628
170.794	67581136
170.894	67625908
170.994	67671600
171.094	67717236
171.194	67763192
171.294	67809036
171.394	67855768
171.494	67902632
171.594	67949732
171.694	67998192
171.794	68046956
171.894	68095896
171.994	68145276
172.094	68194652
172.194	68243752
172.294	68293268
172.394	68342380
172.494	68392496
172.594	68444776
172.694	68497236
172.794	68549360
172.894	68600212
172.994	68649116
173.094	68697960
173.194	68746208
173.294	68794736
173.394	68843684
173.494	68892788
173.594	68941308
173.694	68991480
173.794	69040812
173.894	69091676
173.994	69141556
174.094	69189716
174.194	69238896
174.294	69287116
174.394	69335660
174.494	69384412
174.594	69433136
174.694	69481152
174.794	69528052
174.894	69574576
174.994	69620668
175.094	69665980
175.194	69711104
175.294	69756476
175.394	69801616
175.494	69846976
175.594	69891664
175.694	69935852
175.794	69980576
175.894	70025344
175.994	70069916
176.094	70114576
176.194	70159400
176.294	70204396
176.394	70250148
176.494	70295484
176.594	70342492
176.694	70389468
176.794	70435480
176.894	70481024
176.994	70527152
177.094	70572932
177.194	70618588
177.294	70664904
177.394	70711836
177.494	70758368
177.594	70806072
177.694	70853616
177.794	70900672
177.894	70947392
177.994	70994904
178.094	71042608
178.194	71090576
178.294	71138620
178.394	71187588
178.494	71236420
178.594	71284372
178.694	71332652
178.794	71381516
178.894	71429436
178.994	71478112
179.094	71526184
179.194	71574168
179.294	71622020
179.394	71669608
179.494	71717492
179.594	71765076
179.694	71812724
179.794	71860716
179.894	71907636
179.994	71954532
180.094	72001524
180.194	72047988
180.294	72093932
180.394	72139664
180.494	72185752
180.594	72232380
180.694	72279068
180.794	72327460
180.894	72375500
180.994	72423276
181.094	72470400
181.194	72517620
181.294	72564392
181.394	72612136
181.494	72659136
181.594	72706292
181.694	72753900
181.794	72801796
181.894	72850144
181.994	72897796
182.094	72945468
182.194	72992340
182.294	73038816
182.394	73085192
182.494	73131316
182.594	73177056
182.694	73222668
182.794	73268328
182.894	73314624
182.994	73361008
183.094	73407516
183.194	73454572
183.294	73500208
183.394	73545292
183.495	73590236
183.595	73634448
183.695	73678364
183.795	73723060
183.895	73768012
183.995	73812636
184.095	73856904
184.195	73901804
184.295	73945600
184.395	73989580
184.495	74033192
184.595	74076804
184.695	74119952
184.795	74163720
184.895	74207648
184.995	74251096
185.095	74295032
185.195	74339216
185.295	74383208
185.395	74427356
185.495	74471204
185.595	74514104
185.695	74557304
185.795	74600128
185.895	74642692
185.995	74684940
186.095	74726700
186.195	74769776
186.295	74811484
186.395	74854332
186.495	74897020
186.595	74938304
186.695	74980148
186.795	75021272
186.895	75062924
186.995	75104264
187.095	75145548
187.195	75186980
187.295	75227932
187.395	75269360
187.495	75310972
187.595	75352596
187.695	75394444
187.795	75436264
187.895	75478216
187.995	75520288
188.095	75561860
188.195	75603336
188.295	75645248
188.395	75687156
188.495	75729720
188.595	75771488
188.695	75813960
188.795	75856104
188.895	75898216
188.995	75939340
189.095	75980712
189.195	76022188
189.295	76063780
189.395	76105944
189.495	76147004
189.595	76189124
189.695	76231336
189.795	76273488
189.895	76314812
189.995	76356392
190.095	76397236
190.195	76438000
190.295	76478848
190.395	76519940
190.495	76560836
190.595	76601532
190.695	76642176
190.795	76683264
190.895	76723516
190.995	76764100
191.095	76804424
191.195	76844764
191.295	76885324
191.395	76925700
191.495	76966968
191.595	77007268
191.695	77048472
191.795	77089312
191.895	77130680
191.995	77171996
192.095	77213732
192.195	77255404
192.295	77296792
192.395	77338268
192.495	77380088
192.595	77421764
192.695	77463500
192.795	77505552
192.895	77547744
192.995	77589572
193.095	77632528
193.195	77675356
193.295	77717816
193.395	77760264
193.495	77802504
193.595	77844964
193.695	77887408
193.795	77928868
193.895	77970828
193.995	78012920
194.095	78054640
194.195	78097268
194.295	78138692
194.395	78181328
194.495	78222876
194.595	78265132
194.695	78307892
194.795	78350596
194.895	78393076
194.995	78435224
195.095	78478220
195.195	78521212
195.295	78563684
195.395	78606192
195.495	78648236
195.595	78689780
195.695	78731896
195.795	78773484
195.895	78815144
195.995	78857208
196.095	78898516
196.195	78940216
196.295	78981956
196.395	79024348
196.495	79066644
196.595	79109376
196.695	79151516
196.795	79193576
196.895	79235400
196.995	79277700
197.095	79319428
197.195	79362596
197.295	79405448
197.395	79448232
197.495	79491612
197.595	79534220
197.695	79577052
197.795	79619344
197.895	79661288
197.995	79703812
198.095	79746784
198.195	79789372
198.295	79832248
198.395	79875072
198.495	79917824
198.595	79960052
198.695	80003188
198.795	80045388
198.895	80088116
198.995	80130392
199.095	80172156
199.195	80214268
199.295	80255872
199.395	80297272
199.495	80339040
199.595	80380824
199.695	80422848
199.795	80464300
199.895	80506496
199.995	80548812
200.095	80589696
200.195	80631388
200.295	80673024
200.395	80714640
200.495	80755808
200.595	80797212
200.695	80839052
200.795	80880740
200.895	80922596
200.995	80963588
201.095	81005128
201.195	81045424
201.295	81085948
201.395	81125992
201.495	81166740
201.595	81206840
201.695	81246984
201.795	81286724
201.895	81326152
201.995	81366292
202.095	81406364
202.195	81445196
202.295	81484740
202.395	81524796
202.495	81564256
202.595	81603444
202.695	81643032
202.795	81682172
202.895	81720664
202.995	81759780
203.095	81798424
203.195	81837436
203.295	81876272
203.395	81914972
203.495	81953940
203.595	81992240
203.695	82030952
203.795	82069732
203.895	82107692
203.995	82145688
204.095	82184740
204.195	82223692
204.295	82261996
204.395	82302044
204.495	82341952
204.595	82380664
204.695	82420880
204.795	82460120
204.895	82498284
204.995	82538172
205.095	82577872
205.195	82616484
205.295	82656520
205.395	82696600
205.495	82735240
205.595	82775452
205.695	82816056
205.795	82854880
205.895	82895444
205.995	82936972
206.095	82977392
206.195	83019652
206.295	83061748
206.395	83103768
206.495	83147256
206.595	83190924
206.695	83233808
206.795	83278292
206.895	83322844
206.995	83367280
207.095	83414120
207.195	83460632
207.295	83505100
207.395	83549616
207.495	83593832
207.595	83636604
207.695	83680336
207.795	83724156
207.895	83766408
207.995	83809168
208.095	83852764
208.195	83894820
208.295	83936876
208.395	83979176
208.495	84021036
208.595	84063428
208.695	84105976
208.795	84148392
208.895	84190796
208.995	84234128
209.095	84276392
209.195	84319480
209.295	84362604
209.395	84404184
209.495	84446236
209.595	84487992
209.695	84528804
209.795	84570572
209.895	84612152
209.995	84653112
210.095	84694852
210.195	84736844
210.295	84778424
210.395	84821132
210.495	84863948
210.595	84904864
210.695	84946844
210.795	84988600
210.895	85029616
210.995	85071020
211.095	85112396
211.195	85152776
211.295	85193764
211.395	85234496
211.495	85274416
211.595	85315704
211.695	85356128
211.795	85396100
211.895	85436580
211.995	85476988
212.095	85515956
212.195	85556676
212.295	85596828
212.395	85635792
212.495	85675540
212.595	85715400
212.695	85754056
212.795	85794200
212.895	85834608
212.995	85873824
213.095	85914172
213.195	85955632
213.295	85995788
213.395	86037948
213.495	86079408
213.595	86119868
213.695	86161296
213.796	86202888
213.896	86243484
213.996	86285648
214.096	86327112
214.196	86367172
214.296	86407976
214.396	86449284
214.496	86489736
214.596	86530008
214.696	86570968
214.796	86609712
214.896	86649264
214.996	86688776
215.096	86727372
215.196	86767192
215.296	86805596
215.396	86844160
215.496	86883396
215.596	86922156
215.696	86960356
215.796	86999884
215.896	87039068
215.996	87077796
216.096	87116840
216.196	87156588
216.296	87195684
216.396	87237128
216.496	87277812
216.596	87317752
216.696	87358744
216.796	87399612
216.896	87439628
216.996	87480620
217.096	87521328
217.196	87560264
217.296	87599632
217.396	87638604
217.496	87677216
217.596	87717064
217.696	87755796
217.796	87793416
217.896	87831916
217.996	87870440
218.096	87908300
218.196	87947208
218.296	87985236
218.396	88022092
218.496	88060604
218.596	88099464
218.696	88136464
218.796	88175408
218.896	88213292
218.996	88250912
219.096	88288380
219.196	88326028
219.296	88363140
219.396	88401096
219.496	88438904
219.596	88475664
219.696	88513348
219.796	88550644
219.896	88587716
219.996	88625628
220.096	88662440
220.196	88698792
220.296	88735996
220.396	88773512
220.496	88810384
220.596	88847520
220.696	88884576
220.796	88921112
220.896	88958164
220.996	88995572
221.096	89031732
221.196	89069504
221.296	89106300
221.396	89143148
221.496	89180148
221.596	89217652
221.696	89254864
221.796	89293004
221.896	89330244
221.996	89366824
222.096	89403876
222.196	89440984
222.296	89476872
222.396	89514184
222.496	89550728
222.596	89587604
222.696	89623444
222.796	89660200
222.896	89696664
222.996	89734600
223.096	89770796
223.196	89806868
223.296	89843040
223.396	89879620
223.496	89916072
223.596	89953056
223.696	89989568
223.796	90026392
223.896	90062552
223.996	90099604
224.096	90136760
224.196	90174988
224.296	90212756
224.396	90250864
224.496	90289040
224.596	90327360
224.696	90365008
224.796	90402644
224.896	90440476
224.996	90477164
225.096	90515044
225.196	90553784
225.296	90591852
225.396	90630732
225.496	90670100
225.596	90708684
225.696	90747592
225.796	90786792
225.896	90826056
225.996	90866384
226.096	90906084
226.196	90944812
226.296	90983944
226.396	91023588
226.496	91062436
226.596	91102132
226.696	91141412
226.796	91179848
226.896	91218140
226.996	91256552
227.096	91294356
227.196	91333368
227.296	91371212
227.396	91408508
227.496	91446508
227.596	91485272
227.696	91523132
227.796	91561872
227.896	91600188
227.996	91638876
228.096	91677260
228.196	91715256
228.296	91753364
228.396	91792848
228.496	91831440
228.596	91869620
228.696	91908456
228.796	91947172
228.896	91985488
228.996	92025092
229.096	92064488
229.196	92103388
229.296	92143396
229.396	92183504
229.496	92222708
229.596	92262248
229.696	92301684
229.796	92339888
229.896	92378164
229.996	92416760
230.096	92454080
230.196	92492424
230.296	92530104
230.396	92567936
230.496	92605784
230.596	92643816
230.696	92681308
230.796	92719892
230.896	92757880
230.996	92795892
231.096	92834464
231.196	92872744
231.296	92910984
231.396	92949844
231.496	92987868
231.596	93025656
231.696	93062836
231.796	93099580
231.896	93136680
231.996	93174504
232.096	93211080
232.196	93247500
232.296	93283800
232.396	93320128
232.496	93356268
232.596	93392392
232.696	93428472
232.796	93464244
232.896	93500520
232.996	93536436
233.096	93572644
233.196	93608996
233.296	93644924
233.396	93680596
233.496	93717164
233.596	93753728
233.696	93790120
233.796	93826652
233.896	93863400
233.996	93899320
234.096	93935528
234.196	93972300
234.296	94008680
234.396	94044836
234.496	94080568
234.596	94116840
234.696	94153292
234.796	94189668
234.896	94226384
234.996	94262644
235.096	94298816
235.196	94335204
235.296	94371248
235.396	94407672
235.496	94443980
235.596	94480344
235.696	94516488
235.796	94552736
235.896	94588868
235.996	94625240
236.096	94661588
236.196	94697184
236.296	94732948
236.396	94768392
236.496	94804328
236.596	94840120
236.696	94876452
236.796	94912368
236.896	94948940
236.996	94984472
237.096	95020400
237.196	95056144
237.296	95092388
237.396	95127344
237.496	95163324
237.596	95199096
237.696	95234664
237.796	95270388
237.896	95305592
237.996	95341088
238.096	95376848
238.196	95411588
238.296	95447712
238.396	95483112
238.496	95518832
238.596	95554432
238.696	95590560
238.796	95625824
238.896	95661312
238.996	95696832
239.096	95733132
239.196	95768160
239.296	95803864
239.396	95839716
239.496	95875216
239.596	95911176
239.696	95946928
239.796	95983060
239.896	96018068
239.996	96053028
240.096	96088112
240.196	96123480
240.296	96159080
240.396	96194544
240.496	96229920
240.596	96264572
240.696	96299788
240.796	96335328
240.896	96370752
240.996	96405528
241.096	96440768
241.196	96475860
241.296	96511268
241.396	96546784
241.496	96582192
241.596	96616856
241.696	96651836
241.796	96685988
241.896	96720516
241.996	96755128
242.096	96789716
242.196	96824080
242.296	96858048
242.396	96892112
242.496	96925884
242.596	96959912
242.696	96994620
242.796	97028948
242.896	97063156
242.996	97097132
243.096	97131320
243.196	97165528
243.296	97200228
243.396	97234312
243.496	97268312
243.596	97302280
243.696	97336116
243.796	97370524
243.896	97405088
243.996	97439120
244.097	97473848
244.197	97507252
244.297	97541744
244.397	97575764
244.497	97609872
244.597	97643884
244.697	97677800
244.797	97711816
244.897	97745640
244.997	97780024
245.097	97814660
245.197	97848132
245.297	97882468
245.397	97916804
245.497	97950668
245.597	97985016
245.697	98019360
245.797	98054064
245.897	98088724
245.997	98122708
246.097	98157324
246.197	98191520
246.297	98226464
246.397	98261164
246.497	98295748
246.597	98330188
246.697	98364240
246.797	98399660
246.897	98434276
246.997	98469084
247.097	98504152
247.197	98538384
247.297	98573488
247.397	98608596
247.497	98644228
247.597	98678860
247.697	98713392
247.797	98747928
247.897	98782796
247.997	98817688
248.097	98852760
248.197	98886956
248.297	98921672
248.397	98956076
248.497	98990876
248.597	99025284
248.697	99060204
248.797	99094656
248.897	99129704
248.997	99163988
249.097	99198520
249.197	99233232
249.297	99269560
249.397	99305460
249.497	99341144
249.597	99376404
249.697	99411412
249.797	99446684
249.897	99482288
249.997	99517748
250.097	99552536
250.197	99587892
250.297	99622748
250.397	99657452
250.497	99693160
250.597	99727936
250.697	99762128
250.797	99796760
250.897	99831644
250.997	99866512
251.097	99901808
251.197	99936664
251.297	99971744
251.397	100006512
251.497	100041596
251.597	100076072
251.697	100111644
251.797	100146152
251.897	100181368
251.997	100216328
252.097	100250844
252.197	100285824
252.297	100320672
252.397	100355168
252.497	100390068
252.597	100423996
252.697	100458284
252.797	100492876
252.897	100527652
252.997	100561236
253.097	100595636
253.197	100629776
253.297	100663636
253.397	100698276
253.497	100732604
253.597	100767272
253.697	100801488
253.797	100835364
253.897	100869212
253.997	100903616
254.097	100938448
254.197	100972824
254.297	101006652
254.397	101040528
254.497	101075112
254.597	101109120
254.697	101143784
254.797	101177952
254.897	101212304
254.997	101246416
255.097	101280196
255.197	101314868
255.297	101349196
255.397	101383188
255.497	101417684
255.597	101451804
255.697	101486580
255.797	101521592
255.897	101556760
255.997	101592164
256.097	101626580
256.197	101660856
256.297	101695324
256.397	101730292
256.497	101765576
256.597	101800348
256.697	101834820
256.797	101869232
256.897	101903504
256.997	101938452
257.097	101973304
257.197	102008228
257.297	102043144
257.397	102077896
257.497	102113232
257.597	102148212
257.697	102183140
257.797	102218628
257.897	102253160
257.997	102287408
258.097	102321880
258.197	102356636
258.297	102391856
258.397	102426552
258.497	102461608
258.597	102495480
258.697	102529992
258.797	102564560
258.897	102599248
258.997	102633484
259.097	102667908
259.197	102702080
259.297	102735796
259.397	102769792
259.497	102804048
259.597	102838380
259.697	102871912
259.797	102905836
259.897	102939780
259.997	102973836
260.097	103007856
260.197	103042192
260.297	103076444
260.397	103110032
260.497	103144248
260.597	103178092
260.697	103212444
260.797	103245736
260.897	103279612
260.997	103313404
261.097	103347056
261.197	103380980
261.297	103415280
261.397	103449264
261.497	103483096
261.597	103516936
261.697	103551272
261.797	103585620
261.897	103619428
261.997	103652932
262.097	103686712
262.197	103720804
262.297	103754472
262.397	103788500
262.497	103823344
262.597	103857372
262.697	103891536
262.797	103924988
262.897	103958864
262.997	103992716
263.097	104027040
263.197	104061516
263.297	104095888
263.397	104129536
263.497	104163928
263.597	104197756
263.697	104232028
263.797	104265908
263.897	104300124
263.997	104333940
264.097	104368136
264.197	104402684
264.297	104437264
264.397	104471700
264.497	104506428
264.597	104540456
264.697	104575508
264.797	104609480
264.897	104644144
264.997	104679036
265.097	104713508
265.197	104747000
265.297	104781376
265.397	104815440
265.497	104850312
265.597	104884284
265.697	104918856
265.797	104952460
265.897	104987044
265.997	105020812
266.097	105054720
266.197	105088368
266.297	105122308
266.397	105155288
266.497	105189572
266.597	105223020
266.697	105257820
266.797	105291852
266.897	105326136
266.997	105359632
267.097	105393768
267.197	105427996
267.297	105461820
267.397	105495428
267.497	105529080
267.597	105562140
267.697	105595568
267.797	105629188
267.897	105662748
267.997	105696748
268.097	105730320
268.197	105763184
268.297	105797544
268.397	105831368
268.497	105865480
268.597	105899760
268.697	105933464
268.797	105967012
268.897	106001076
268.997	106035100
269.097	106069728
269.197	106103960
269.297	106137744
269.397	106171648
269.497	106205868
269.597	106239852
269.697	106274220
269.797	106308612
269.897	106342944
269.997	106376488
270.097	106411004
270.197	106445824
270.297	106480460
270.397	106515148
270.497	106549800
270.597	106583384
270.697	106617420
270.797	106651800
270.897	106685992
270.997	106719780
271.097	106754096
271.197	106786996
271.297	106820632
271.397	106854708
271.497	106888540
271.597	106922360
271.697	106956244
271.797	106989236
271.897	107023784
271.997	107057592
272.097	107091520
272.197	107125764
272.297	107160528
272.397	107193376
272.497	107227564
272.597	107261952
272.697	107296444
272.797	107330708
272.897	107364816
272.997	107398688
273.097	107433220
273.197	107467732
273.297	107502376
273.397	107537336
273.497	107571428
273.597	107605632
273.697	107640564
273.797	107675336
273.897	107709968
273.997	107745072
274.097	107780184
274.197	107814720
274.297	107850344
274.398	107886192
274.498	107922300
274.598	107959160
274.698	107995416
274.798	108031532
274.898	108068332
274.998	108104796
275.098	108141444
275.198	108179052
275.298	108216832
275.398	108254800
275.498	108293800
275.598	108332472
275.698	108370736
275.798	108409608
275.898	108448928
275.998	108487676
276.098	108528136
276.198	108568896
276.298	108607996
276.398	108649900
276.498	108699064
276.598	108775456
276.698	108841028
276.798	108889308
276.898	108932324
276.998	108976928
277.098	109022044
277.198	109066140
277.298	109111760
277.398	109156776
277.498	109201996
277.598	109248388
277.698	109293724
277.798	109340464
277.898	109387052
277.998	109433284
278.098	109480436
278.198	109527088
278.298	109573044
278.398	109619452
278.498	109667776
278.598	109717252
278.698	109766712
278.798	109816852
278.898	109866644
278.998	109917232
279.098	109969860
279.198	110023244
279.298	110075664
279.398	110128856
279.498	110182692
279.598	110236312
279.698	110289796
279.798	110343228
279.898	110396904
279.998	110450600
280.098	110504792
280.198	110558824
280.298	110612780
280.398	110666436
280.498	110720000
280.598	110774452
280.698	110828788
280.798	110883148
280.898	110937824
280.998	110992744
281.098	111047948
281.198	111103196
281.298	111157628
281.398	111214832
281.498	111271304
281.598	111327556
281.698	111383780
281.798	111439932
281.898	111495388
281.998	111551852
282.098	111608276
282.198	111664504
282.298	111721144
282.398	111777160
282.498	111833596
282.598	111889648
282.698	111945392
282.798	112000940
282.898	112056896
282.998	112112860
283.098	112168224
283.198	112223420
283.298	112278972
283.398	112333996
283.498	112389292
283.598	112444308
283.698	112499904
283.798	112555860
283.898	112611444
283.998	112667528
284.098	112723136
284.198	112777796
284.298	112833192
284.398	112888468
284.498	112943188
284.598	112997948
284.698	113052688
284.798	113106828
284.898	113161580
284.998	113215772
285.098	113270496
285.198	113325484
285.298	113379384
285.398	113433460
285.498	113488080
285.598	113542844
285.698	113597600
285.798	113652760
285.898	113708676
285.998	113763424
286.098	113818356
286.198	113873004
286.298	113928644
286.398	113982724
286.498	114037500
286.598	114092132
286.698	114147320
286.798	114202468
286.898	114257856
286.998	114312524
287.098	114366692
287.198	114421300
287.298	114476032
287.398	114530212
287.498	114584760
287.598	114639388
287.698	114693892
287.798	114747844
287.898	114801416
287.998	114855452
288.098	114908560
288.198	114963108
288.298	115017508
288.398	115073080
288.498	115128356
288.598	115182424
288.698	115237168
288.798	115291184
288.898	115344920
288.998	115398480
289.098	115451888
289.198	115505252
289.298	115557968
289.398	115611116
289.498	115664312
289.598	115717808
289.698	115771852
289.798	115826308
289.898	115880700
289.998	115935372
290.098	115990088
290.198	116044068
290.298	116099128
290.398	116153724
290.498	116208992
290.598	116264348
290.698	116319424
290.798	116374248
290.898	116429256
290.998	116484108
291.098	116538076
291.198	116592308
291.298	116645752
291.398	116699176
291.498	116753272
291.598	116807388
291.698	116860476
291.798	116913704
291.898	116967088
291.998	117020220
292.098	117073264
292.198	117125852
292.298	117178656
292.398	117230960
292.498	117283800
292.598	117336612
292.698	117389280
292.798	117441776
292.898	117495108
292.998	117547716
293.098	117601140
293.198	117654116
293.298	117707308
293.398	117760392
293.498	117812828
293.598	117865964
293.698	117918320
293.798	117970804
293.898	118023508
293.998	118075300
294.098	118127172
294.198	118179004
294.298	118230804
294.398	118282076
294.498	118333492
294.598	118384980
294.698	118435928
294.798	118487940
294.898	118539060
294.998	118590740
295.098	118642284
295.198	118694132
295.298	118745248
295.398	118796488
295.498	118847492
295.598	118898676
295.698	118949512
295.798	119000544
295.898	119050824
295.998	119101520
296.098	119151924
296.198	119202792
296.298	119253320
296.398	119303916
296.498	119355004
296.598	119405112
296.698	119455568
296.798	119506324
296.898	119556776
296.998	119607304
297.098	119658320
297.198	119708576
297.298	119758956
297.398	119809108
297.498	119859228
297.598	119909496
297.698	119959780
297.798	120008968
297.898	120059420
297.998	120109424
298.098	120159152
298.198	120208668
298.298	120258288
298.398	120308040
298.498	120357464
298.598	120406336
298.698	120455496
298.798	120505548
298.898	120554872
298.998	120604840
299.098	120654324
299.198	120704376
299.298	120754056
299.398	120803908
299.498	120852952
299.598	120902464
299.698	120951968
299.798	121000908
299.898	121049772
299.998	121098512
300.098	121147136
300.198	121196148
300.298	121245012
300.398	121293832
300.498	121342504
300.598	121390784
300.698	121439396
300.798	121487768
300.898	121536232
300.998	121584276
301.098	121632500
301.198	121680716
301.298	121728904
301.398	121777520
301.498	121825792
301.598	121874448
301.698	121922880
301.798	121971428
301.898	122019476
301.998	122067732
302.098	122115856
302.198	122164272
302.298	122212276
302.398	122260248
302.498	122308508
302.598	122356616
302.698	122404968
302.798	122452892
302.898	122500596
302.998	122548468
303.098	122596696
303.198	122644648
303.298	122692464
303.398	122740224
303.498	122787676
303.598	122835324
303.698	122883004
303.798	122930548
303.898	122977836
303.998	123025208
304.098	123073336
304.198	123120860
304.298	123167944
304.398	123215508
304.498	123262892
304.599	123310132
304.699	123357780
304.799	123405592
304.899	123453180
304.999	123500772
305.099	123548068
305.199	123596072
305.299	123643496
305.399	123691236
305.499	123739004
305.599	123786508
305.699	123834032
305.799	123881684
305.899	123928584
305.999	123975632
306.099	124022908
306.199	124070284
306.299	124117336
306.399	124164936
306.499	124212160
306.599	124259016
306.699	124306352
306.799	124353588
306.899	124401192
306.999	124448416
307.099	124495468
307.199	124542588
307.299	124589444
307.399	124635836
307.499	124682832
307.599	124729984
307.699	124777032
307.799	124824156
307.899	124871024
307.999	124917880
308.099	124965168
308.199	125012492
308.299	125059396
308.399	125106852
308.499	125153640
308.599	125201024
308.699	125248384
308.799	125295384
308.899	125342688
308.999	125389272
309.099	125436744
309.199	125483392
309.299	125529992
309.399	125576588
309.499	125623248
309.599	125669480
309.699	125716180
309.799	125762080
309.899	125808264
309.999	125854248
310.099	125900280
310.199	125946532
310.299	125992444
310.399	126038696
310.499	126084896
310.599	126130792
310.699	126176824
310.799	126222992
310.899	126269000
310.999	126315240
311.099	126361392
311.199	126407500
311.299	126453852
311.399	126499808
311.499	126545988
311.599	126592680
311.699	126638636
311.799	126685580
311.899	126732080
311.999	126779320
312.099	126826016
312.199	126872472
312.299	126919192
312.399	126966272
312.499	127013264
312.599	127060344
312.699	127107264
312.799	127154492
312.899	127202204
312.999	127249868
313.099	127298012
313.199	127345556
313.299	127393432
313.399	127440748
313.499	127488296
313.599	127535236
313.699	127582204
313.799	127629576
313.899	127676440
313.999	127722996
314.099	127769816
314.199	127816428
314.299	127862852
314.399	127909492
314.499	127956600
314.599	128003072
314.699	128049512
314.799	128096396
314.899	128142560
314.999	128189700
315.099	128236504
315.199	128282688
315.299	128329060
315.399	128375928
315.499	128422128
315.599	128468764
315.699	128515396
315.799	128561584
315.899	128608040
315.999	128654228
316.099	128701036
316.199	128747264
316.299	128794084
316.399	128840904
316.499	128887876
316.599	128934192
316.699	128981152
316.799	129027048
316.899	129073332
316.999	129120168
317.099	129166040
317.199	129212576
317.299	129259456
317.399	129305676
317.499	129352008
317.599	129398496
317.699	129445236
317.799	129491744
317.899	129537740
317.999	129584600
318.099	129631392
318.199	129678772
318.299	129725580
318.399	129772300
318.499	129819008
318.599	129865772
318.699	129912544
318.799	129959284
318.899	130006136
318.999	130052896
319.099	130099500
319.199	130147068
319.299	130193580
319.399	130240604
319.499	130287424
319.599	130334180
319.699	130381248
319.799	130428560
319.899	130476412
319.999	130523676
320.099	130571160
320.199	130618448
320.299	130665520
320.399	130712612
320.499	130760476
320.599	130807688
320.699	130854384
320.799	130901612
320.899	130948540
320.999	130996148
321.099	131043428
321.199	131090288
321.299	131137440
321.399	131184556
321.499	131231244
321.599	131278616
321.699	131325936
321.799	131373496
321.899	131420756
321.999	131467896
322.099	131515048
322.199	131562484
322.299	131609832
322.399	131657348
322.499	131704668
322.599	131752600
322.699	131799788
322.799	131847100
322.899	131894340
322.999	131941812
323.099	131989012
323.199	132036372
323.299	132083916
323.399	132131864
323.499	132178808
323.599	132226584
323.699	132274760
323.799	132322692
323.899	132370328
323.999	132418564
324.099	132466692
324.199	132515820
324.299	132563776
324.399	132612276
324.499	132661408
324.599	132710052
324.699	132758928
324.799	132807888
324.899	132856308
324.999	132904660
325.099	132953036
325.199	133001612
325.299	133050536
325.399	133099956
325.499	133149220
325.599	133197880
325.699	133246056
325.799	133294720
325.899	133343240
325.999	133392268
326.099	133441168
326.199	133489544
326.299	133538296
326.399	133587104
326.499	133635644
326.599	133684448
326.699	133733552
326.799	133782732
326.899	133832412
326.999	133882040
327.099	133931676
327.199	133982164
327.299	134037980
327.399	134113508
327.499	134174964
327.599	134230108
327.699	134283588
327.799	134336576
327.899	134390672
327.999	134445444
328.099	134500404
328.199	134556012
328.299	134613312
328.399	134669276
328.499	134724992
328.599	134781280
328.699	134836928
328.799	134892188
328.899	134947792
328.999	135003120
329.099	135058504
329.199	135114932
329.299	135170748
329.399	135227464
329.499	135285184
329.599	135343940
329.699	135402636
329.799	135460136
329.899	135517036
329.999	135574512
330.099	135631792
330.199	135689092
330.299	135746972
330.399	135804272
330.499	135861376
330.599	135919960
330.699	135977864
330.799	136035920
330.899	136094252
330.999	136153104
331.099	136212784
331.199	136272684
331.299	136332388
331.399	136391828
331.499	136451248
331.599	136511384
331.699	136571544
331.799	136631376
331.899	136692328
331.999	136753540
332.099	136814200
332.199	136875168
332.299	136937356
332.399	136999984
332.499	137062300
332.599	137124828
332.699	137188304
332.799	137251332
332.899	137314988
332.999	137379252
333.099	137442940
333.199	137506944
333.299	137571252
333.399	137635112
333.499	137698420
333.599	137761840
333.699	137826476
333.799	137892976
333.899	137960788
333.999	138030120
334.099	138099456
334.199	138169976
334.299	138242600
334.399	138317744
334.499	138395200
334.599	138466584
334.699	138535240
334.799	138603392
334.900	138670648
335.000	138737368
335.100	138803456
335.200	138868856
335.300	138934624
335.400	138999592
335.500	139064600
335.600	139129448
335.700	139193180
335.800	139256864
335.900	139320572
336.000	139383660
336.100	139447144
336.200	139510040
336.300	139572428
336.400	139635036
336.500	139697084
336.600	139758780
336.700	139821112
336.800	139885176
336.900	139948452
337.000	140011068
337.100	140073716
337.200	140135912
337.300	140198220
337.400	140260024
337.500	140321468
337.600	140382820
337.700	140444608
337.800	140506980
337.900	140569404
338.000	140632036
338.100	140693496
338.200	140755460
338.300	140816828
338.400	140878720
338.500	140940628
338.600	141002292
338.700	141063656
338.800	141125232
338.900	141187384
339.000	141249568
339.100	141311656
339.200	141374056
339.300	141437108
339.400	141500400
339.500	141563536
339.600	141625120
339.700	141686880
339.800	141748268
339.900	141809324
340.000	141869444
340.100	141929532
340.200	141990060
340.300	142049888
340.400	142109976
340.500	142169936
340.600	142230428
340.700	142290384
340.800	142350196
340.900	142410024
341.000	142469492
341.100	142528684
341.200	142589120
341.300	142649784
341.400	142710296
341.500	142770228
341.600	142829652
341.700	142889896
341.800	142950280
341.900	143010080
342.000	143068644
342.100	143126852
342.200	143185068
342.300	143244128
342.400	143303304
342.500	143362676
342.600	143421988
342.700	143481372
342.800	143541388
342.900	143601300
343.000	143660512
343.100	143719864
343.200	143778572
343.300	143836904
343.400	143894736
343.500	143952940
343.600	144010816
343.700	144069012
343.800	144126380
343.900	144182864
344.000	144239220
344.100	144295796
344.200	144352236
344.300	144408508
344.400	144464776
344.500	144520460
344.600	144577184
344.700	144632428
344.800	144688332
344.900	144744336
345.000	144800208
345.100	144856632
345.200	144912268
345.300	144968420
345.400	145025004
345.500	145081228
345.600	145138016
345.700	145195324
345.800	145251952
345.900	145308316
346.000	145364388
346.100	145420504
346.200	145476648
346.300	145532980
346.400	145588528
346.500	145643892
346.600	145699464
346.700	145754584
346.800	145810228
346.900	145865532
347.000	145920852
347.100	145976404
347.200	146032180
347.300	146087856
347.400	146143740
347.500	146200000
347.600	146255396
347.700	146310648
347.800	146365796
347.900	146421124
348.000	146475840
348.100	146530948
348.200	146585620
348.300	146640296
348.400	146695944
348.500	146750720
348.600	146806772
348.700	146861800
348.800	146917308
348.900	146972428
349.000	147027872
349.100	147083404
349.200	147139296
349.300	147194488
349.400	147249872
349.500	147305576
349.600	147361012
349.700	147416120
349.800	147471516
349.900	147526724
350.000	147581992
