% load Q_glacier data 
% time (years) Q_glacier (m^3 year^-1) 
-22000 	 	 426176.527077 
-21999 	 	 426176.527077 
-21998 	 	 426176.527077 
-21997 	 	 426176.527077 
-21996 	 	 426176.527077 
-21995 	 	 426176.527077 
-21994 	 	 426176.527077 
-21993 	 	 426176.527077 
-21992 	 	 426176.527077 
-21991 	 	 426176.527077 
-21990 	 	 426176.527077 
-21989 	 	 426176.527077 
-21988 	 	 426176.527077 
-21987 	 	 426176.527077 
-21986 	 	 426176.527077 
-21985 	 	 426176.527077 
-21984 	 	 426176.527077 
-21982 	 	 426176.527077 
-21981 	 	 426176.527077 
-21980 	 	 426176.527077 
-21979 	 	 426176.527077 
-21978 	 	 426176.527077 
-21977 	 	 426176.527077 
-21976 	 	 426176.527077 
-21975 	 	 426176.527077 
-21974 	 	 426176.527077 
-21973 	 	 426176.527077 
-21972 	 	 426176.527077 
-21971 	 	 426176.527077 
-21970 	 	 426176.527077 
-21969 	 	 426176.527077 
-21968 	 	 426176.527077 
-21967 	 	 426176.527077 
-21966 	 	 426176.527077 
-21964 	 	 426176.527077 
-21963 	 	 426176.527077 
-21962 	 	 426176.527077 
-21961 	 	 426176.527077 
-21960 	 	 426176.527077 
-21959 	 	 426176.527077 
-21958 	 	 426176.527077 
-21957 	 	 426176.527077 
-21956 	 	 426176.527077 
-21955 	 	 426176.527077 
-21954 	 	 426176.527077 
-21953 	 	 426176.527077 
-21952 	 	 426176.527077 
-21951 	 	 426176.527077 
-21950 	 	 426176.527077 
-21949 	 	 426176.527077 
-21948 	 	 426176.527077 
-21946 	 	 426176.527077 
-21945 	 	 426176.527077 
-21944 	 	 426176.527077 
-21943 	 	 426176.527077 
-21942 	 	 426176.527077 
-21941 	 	 426176.527077 
-21940 	 	 426176.527077 
-21939 	 	 426176.527077 
-21938 	 	 426176.527077 
-21937 	 	 426176.527077 
-21936 	 	 426176.527077 
-21935 	 	 426176.527077 
-21934 	 	 426176.527077 
-21933 	 	 426176.527077 
-21932 	 	 426176.527077 
-21931 	 	 426176.527077 
-21930 	 	 426176.527077 
-21928 	 	 426176.527077 
-21927 	 	 426176.527077 
-21926 	 	 426176.527077 
-21925 	 	 426176.527077 
-21924 	 	 426176.527077 
-21923 	 	 426176.527077 
-21922 	 	 426176.527077 
-21921 	 	 426176.527077 
-21920 	 	 426176.527077 
-21919 	 	 426176.527077 
-21918 	 	 426176.527077 
-21917 	 	 426176.527077 
-21916 	 	 426176.527077 
-21915 	 	 426176.527077 
-21914 	 	 426176.527077 
-21913 	 	 426176.527077 
-21912 	 	 426176.527077 
-21910 	 	 426176.527077 
-21909 	 	 426176.527077 
-21908 	 	 426176.527077 
-21907 	 	 426176.527077 
-21906 	 	 426176.527077 
-21905 	 	 426176.527077 
-21904 	 	 426176.527077 
-21903 	 	 426176.527077 
-21902 	 	 426176.527077 
-21901 	 	 426176.527077 
-21900 	 	 426176.527077 
-21899 	 	 426176.527077 
-21898 	 	 426176.527077 
-21897 	 	 426176.527077 
-21896 	 	 426176.527077 
-21895 	 	 426176.527077 
-21894 	 	 426176.527077 
-21892 	 	 426176.527077 
-21891 	 	 426176.527077 
-21890 	 	 426176.527077 
-21889 	 	 426176.527077 
-21888 	 	 426176.527077 
-21887 	 	 426176.527077 
-21886 	 	 426176.527077 
-21885 	 	 426176.527077 
-21884 	 	 426176.527077 
-21883 	 	 426176.527077 
-21882 	 	 426176.527077 
-21881 	 	 426176.527077 
-21880 	 	 426176.527077 
-21879 	 	 426176.527077 
-21878 	 	 426176.527077 
-21877 	 	 426176.527077 
-21876 	 	 426176.527077 
-21874 	 	 426176.527077 
-21873 	 	 426176.527077 
-21872 	 	 426176.527077 
-21871 	 	 426176.527077 
-21870 	 	 426176.527077 
-21869 	 	 426176.527077 
-21868 	 	 426176.527077 
-21867 	 	 426176.527077 
-21866 	 	 426176.527077 
-21865 	 	 426176.527077 
-21864 	 	 426176.527077 
-21863 	 	 426176.527077 
-21862 	 	 426176.527077 
-21861 	 	 426176.527077 
-21860 	 	 426176.527077 
-21859 	 	 426176.527077 
-21858 	 	 426176.527077 
-21856 	 	 426176.527077 
-21855 	 	 426176.527077 
-21854 	 	 426176.527077 
-21853 	 	 426176.527077 
-21852 	 	 426176.527077 
-21851 	 	 426176.527077 
-21850 	 	 426176.527077 
-21849 	 	 426176.527077 
-21848 	 	 426176.527077 
-21847 	 	 426176.527077 
-21846 	 	 426176.527077 
-21845 	 	 426176.527077 
-21844 	 	 426176.527077 
-21843 	 	 426176.527077 
-21842 	 	 426176.527077 
-21841 	 	 426176.527077 
-21840 	 	 426176.527077 
-21838 	 	 426176.527077 
-21837 	 	 426176.527077 
-21836 	 	 426176.527077 
-21835 	 	 426176.527077 
-21834 	 	 426176.527077 
-21833 	 	 426176.527077 
-21832 	 	 426176.527077 
-21831 	 	 426176.527077 
-21830 	 	 426176.527077 
-21829 	 	 426176.527077 
-21828 	 	 426176.527077 
-21827 	 	 426176.527077 
-21826 	 	 426176.527077 
-21825 	 	 426176.527077 
-21824 	 	 426176.527077 
-21823 	 	 426176.527077 
-21822 	 	 426176.527077 
-21820 	 	 426176.527077 
-21819 	 	 426176.527077 
-21818 	 	 426176.527077 
-21817 	 	 426176.527077 
-21816 	 	 426176.527077 
-21815 	 	 426176.527077 
-21814 	 	 426176.527077 
-21813 	 	 426176.527077 
-21812 	 	 426176.527077 
-21811 	 	 426176.527077 
-21810 	 	 426176.527077 
-21809 	 	 426176.527077 
-21808 	 	 426176.527077 
-21807 	 	 426176.527077 
-21806 	 	 426176.527077 
-21805 	 	 426176.527077 
-21804 	 	 426176.527077 
-21802 	 	 426176.527077 
-21801 	 	 426176.527077 
-21800 	 	 426176.527077 
-21799 	 	 426176.527077 
-21798 	 	 426176.527077 
-21797 	 	 426176.527077 
-21796 	 	 426176.527077 
-21795 	 	 426176.527077 
-21794 	 	 426176.527077 
-21793 	 	 426176.527077 
-21792 	 	 426176.527077 
-21791 	 	 426176.527077 
-21790 	 	 426176.527077 
-21789 	 	 426176.527077 
-21788 	 	 426176.527077 
-21787 	 	 426176.527077 
-21786 	 	 426176.527077 
-21784 	 	 426176.527077 
-21783 	 	 426176.527077 
-21782 	 	 426176.527077 
-21781 	 	 426176.527077 
-21780 	 	 426176.527077 
-21779 	 	 426176.527077 
-21778 	 	 426176.527077 
-21777 	 	 426176.527077 
-21776 	 	 426176.527077 
-21775 	 	 426176.527077 
-21774 	 	 426176.527077 
-21773 	 	 426176.527077 
-21772 	 	 426176.527077 
-21771 	 	 426176.527077 
-21770 	 	 426176.527077 
-21769 	 	 426176.527077 
-21768 	 	 426176.527077 
-21766 	 	 426176.527077 
-21765 	 	 426176.527077 
-21764 	 	 426176.527077 
-21763 	 	 426176.527077 
-21762 	 	 426176.527077 
-21761 	 	 426176.527077 
-21760 	 	 426176.527077 
-21759 	 	 426176.527077 
-21758 	 	 426176.527077 
-21757 	 	 426176.527077 
-21756 	 	 426176.527077 
-21755 	 	 426176.527077 
-21754 	 	 426176.527077 
-21753 	 	 426176.527077 
-21752 	 	 426176.527077 
-21751 	 	 426176.527077 
-21750 	 	 426176.527077 
-21748 	 	 426176.527077 
-21747 	 	 426176.527077 
-21746 	 	 426176.527077 
-21745 	 	 426176.527077 
-21744 	 	 426176.527077 
-21743 	 	 426176.527077 
-21742 	 	 426176.527077 
-21741 	 	 426176.527077 
-21740 	 	 426176.527077 
-21739 	 	 426176.527077 
-21738 	 	 426176.527077 
-21737 	 	 426176.527077 
-21736 	 	 426176.527077 
-21735 	 	 426176.527077 
-21734 	 	 426176.527077 
-21733 	 	 426176.527077 
-21732 	 	 426176.527077 
-21730 	 	 426176.527077 
-21729 	 	 426176.527077 
-21728 	 	 426176.527077 
-21727 	 	 426176.527077 
-21726 	 	 426176.527077 
-21725 	 	 426176.527077 
-21724 	 	 426176.527077 
-21723 	 	 426176.527077 
-21722 	 	 426176.527077 
-21721 	 	 426176.527077 
-21720 	 	 426176.527077 
-21719 	 	 426176.527077 
-21718 	 	 426176.527077 
-21717 	 	 426176.527077 
-21716 	 	 426176.527077 
-21715 	 	 426176.527077 
-21714 	 	 426176.527077 
-21712 	 	 426176.527077 
-21711 	 	 426176.527077 
-21710 	 	 426176.527077 
-21709 	 	 426176.527077 
-21708 	 	 426176.527077 
-21707 	 	 426176.527077 
-21706 	 	 426176.527077 
-21705 	 	 426176.527077 
-21704 	 	 426176.527077 
-21703 	 	 426176.527077 
-21702 	 	 426176.527077 
-21701 	 	 426176.527077 
-21700 	 	 426176.527077 
-21699 	 	 426176.527077 
-21698 	 	 426176.527077 
-21697 	 	 426176.527077 
-21696 	 	 426176.527077 
-21694 	 	 426176.527077 
-21693 	 	 426176.527077 
-21692 	 	 426176.527077 
-21691 	 	 426176.527077 
-21690 	 	 426176.527077 
-21689 	 	 426176.527077 
-21688 	 	 426176.527077 
-21687 	 	 426176.527077 
-21686 	 	 426176.527077 
-21685 	 	 426176.527077 
-21684 	 	 426176.527077 
-21683 	 	 426176.527077 
-21682 	 	 426176.527077 
-21681 	 	 426176.527077 
-21680 	 	 426176.527077 
-21679 	 	 426176.527077 
-21678 	 	 426176.527077 
-21676 	 	 426176.527077 
-21675 	 	 426176.527077 
-21674 	 	 426176.527077 
-21673 	 	 426176.527077 
-21672 	 	 426176.527077 
-21671 	 	 426176.527077 
-21670 	 	 426176.527077 
-21669 	 	 426176.527077 
-21668 	 	 426176.527077 
-21667 	 	 426176.527077 
-21666 	 	 426176.527077 
-21665 	 	 426176.527077 
-21664 	 	 426176.527077 
-21663 	 	 426176.527077 
-21662 	 	 426176.527077 
-21661 	 	 426176.527077 
-21660 	 	 426176.527077 
-21658 	 	 426176.527077 
-21657 	 	 426176.527077 
-21656 	 	 426176.527077 
-21655 	 	 426176.527077 
-21654 	 	 426176.527077 
-21653 	 	 426176.527077 
-21652 	 	 426176.527077 
-21651 	 	 426176.527077 
-21650 	 	 426176.527077 
-21649 	 	 426176.527077 
-21648 	 	 426176.527077 
-21647 	 	 426176.527077 
-21646 	 	 426176.527077 
-21645 	 	 426176.527077 
-21644 	 	 426176.527077 
-21643 	 	 426176.527077 
-21642 	 	 426176.527077 
-21640 	 	 426176.527077 
-21639 	 	 426176.527077 
-21638 	 	 426176.527077 
-21637 	 	 426176.527077 
-21636 	 	 426176.527077 
-21635 	 	 426176.527077 
-21634 	 	 426176.527077 
-21633 	 	 426176.527077 
-21632 	 	 426176.527077 
-21631 	 	 426176.527077 
-21630 	 	 426176.527077 
-21629 	 	 426176.527077 
-21628 	 	 426176.527077 
-21627 	 	 426176.527077 
-21626 	 	 426176.527077 
-21625 	 	 426176.527077 
-21624 	 	 426176.527077 
-21622 	 	 426176.527077 
-21621 	 	 426176.527077 
-21620 	 	 426176.527077 
-21619 	 	 426176.527077 
-21618 	 	 426176.527077 
-21617 	 	 426176.527077 
-21616 	 	 426176.527077 
-21615 	 	 426176.527077 
-21614 	 	 426176.527077 
-21613 	 	 426176.527077 
-21612 	 	 426176.527077 
-21611 	 	 426176.527077 
-21610 	 	 426176.527077 
-21609 	 	 426176.527077 
-21608 	 	 426176.527077 
-21607 	 	 426176.527077 
-21606 	 	 426176.527077 
-21604 	 	 426176.527077 
-21603 	 	 426176.527077 
-21602 	 	 426176.527077 
-21601 	 	 426176.527077 
-21600 	 	 426176.527077 
-21599 	 	 426176.527077 
-21598 	 	 426176.527077 
-21597 	 	 426176.527077 
-21596 	 	 426176.527077 
-21595 	 	 426176.527077 
-21594 	 	 426176.527077 
-21593 	 	 426176.527077 
-21592 	 	 426176.527077 
-21591 	 	 426176.527077 
-21590 	 	 426176.527077 
-21589 	 	 426176.527077 
-21588 	 	 426176.527077 
-21586 	 	 426176.527077 
-21585 	 	 426176.527077 
-21584 	 	 426176.527077 
-21583 	 	 426176.527077 
-21582 	 	 426176.527077 
-21581 	 	 426176.527077 
-21580 	 	 426176.527077 
-21579 	 	 426176.527077 
-21578 	 	 426176.527077 
-21577 	 	 426176.527077 
-21576 	 	 426176.527077 
-21575 	 	 426176.527077 
-21574 	 	 426176.527077 
-21573 	 	 426176.527077 
-21572 	 	 426176.527077 
-21571 	 	 426176.527077 
-21570 	 	 426176.527077 
-21568 	 	 426176.527077 
-21567 	 	 426176.527077 
-21566 	 	 426176.527077 
-21565 	 	 426176.527077 
-21564 	 	 426176.527077 
-21563 	 	 426176.527077 
-21562 	 	 426176.527077 
-21561 	 	 426176.527077 
-21560 	 	 426176.527077 
-21559 	 	 426176.527077 
-21558 	 	 426176.527077 
-21557 	 	 426176.527077 
-21556 	 	 426176.527077 
-21555 	 	 426176.527077 
-21554 	 	 426176.527077 
-21553 	 	 426176.527077 
-21552 	 	 426176.527077 
-21550 	 	 426176.527077 
-21549 	 	 426176.527077 
-21548 	 	 426176.527077 
-21547 	 	 426176.527077 
-21546 	 	 426176.527077 
-21545 	 	 426176.527077 
-21544 	 	 426176.527077 
-21543 	 	 426176.527077 
-21542 	 	 426176.527077 
-21541 	 	 426176.527077 
-21540 	 	 426176.527077 
-21539 	 	 426176.527077 
-21538 	 	 426176.527077 
-21537 	 	 426176.527077 
-21536 	 	 426176.527077 
-21535 	 	 426176.527077 
-21534 	 	 426176.527077 
-21532 	 	 426176.527077 
-21531 	 	 426176.527077 
-21530 	 	 426176.527077 
-21529 	 	 426176.527077 
-21528 	 	 426176.527077 
-21527 	 	 426176.527077 
-21526 	 	 426176.527077 
-21525 	 	 426176.527077 
-21524 	 	 426176.527077 
-21523 	 	 426176.527077 
-21522 	 	 426176.527077 
-21521 	 	 426176.527077 
-21520 	 	 426176.527077 
-21519 	 	 426176.527077 
-21518 	 	 426176.527077 
-21517 	 	 426176.527077 
-21516 	 	 426176.527077 
-21514 	 	 426176.527077 
-21513 	 	 426176.527077 
-21512 	 	 426176.527077 
-21511 	 	 426176.527077 
-21510 	 	 426176.527077 
-21509 	 	 426176.527077 
-21508 	 	 426176.527077 
-21507 	 	 426176.527077 
-21506 	 	 426176.527077 
-21505 	 	 426176.527077 
-21504 	 	 426176.527077 
-21503 	 	 426176.527077 
-21502 	 	 426176.527077 
-21501 	 	 426176.527077 
-21500 	 	 426176.527077 
-21499 	 	 426176.527077 
-21498 	 	 426176.527077 
-21496 	 	 426176.527077 
-21495 	 	 426176.527077 
-21494 	 	 426176.527077 
-21493 	 	 426176.527077 
-21492 	 	 426176.527077 
-21491 	 	 426176.527077 
-21490 	 	 426176.527077 
-21489 	 	 426176.527077 
-21488 	 	 426176.527077 
-21487 	 	 426176.527077 
-21486 	 	 426176.527077 
-21485 	 	 426176.527077 
-21484 	 	 426176.527077 
-21483 	 	 426176.527077 
-21482 	 	 426176.527077 
-21481 	 	 426176.527077 
-21480 	 	 426176.527077 
-21478 	 	 426176.527077 
-21477 	 	 426176.527077 
-21476 	 	 426176.527077 
-21475 	 	 426176.527077 
-21474 	 	 426176.527077 
-21473 	 	 426176.527077 
-21472 	 	 426176.527077 
-21471 	 	 426176.527077 
-21470 	 	 426176.527077 
-21469 	 	 426176.527077 
-21468 	 	 426176.527077 
-21467 	 	 426176.527077 
-21466 	 	 426176.527077 
-21465 	 	 426176.527077 
-21464 	 	 426176.527077 
-21463 	 	 426176.527077 
-21462 	 	 426176.527077 
-21460 	 	 426176.527077 
-21459 	 	 426176.527077 
-21458 	 	 426176.527077 
-21457 	 	 426176.527077 
-21456 	 	 426176.527077 
-21455 	 	 426176.527077 
-21454 	 	 426176.527077 
-21453 	 	 426176.527077 
-21452 	 	 426176.527077 
-21451 	 	 426176.527077 
-21450 	 	 426176.527077 
-21449 	 	 426176.527077 
-21448 	 	 426176.527077 
-21447 	 	 426176.527077 
-21446 	 	 426176.527077 
-21445 	 	 426176.527077 
-21444 	 	 426176.527077 
-21442 	 	 426176.527077 
-21441 	 	 426176.527077 
-21440 	 	 426176.527077 
-21439 	 	 426176.527077 
-21438 	 	 426176.527077 
-21437 	 	 426176.527077 
-21436 	 	 426176.527077 
-21435 	 	 426176.527077 
-21434 	 	 426176.527077 
-21433 	 	 426176.527077 
-21432 	 	 426176.527077 
-21431 	 	 426176.527077 
-21430 	 	 426176.527077 
-21429 	 	 426176.527077 
-21428 	 	 426176.527077 
-21427 	 	 426176.527077 
-21426 	 	 426176.527077 
-21424 	 	 426176.527077 
-21423 	 	 426176.527077 
-21422 	 	 426176.527077 
-21421 	 	 426176.527077 
-21420 	 	 426176.527077 
-21419 	 	 426176.527077 
-21418 	 	 426176.527077 
-21417 	 	 426176.527077 
-21416 	 	 426176.527077 
-21415 	 	 426176.527077 
-21414 	 	 426176.527077 
-21413 	 	 426176.527077 
-21412 	 	 426176.527077 
-21411 	 	 426176.527077 
-21410 	 	 426176.527077 
-21409 	 	 426176.527077 
-21408 	 	 426176.527077 
-21406 	 	 426176.527077 
-21405 	 	 426176.527077 
-21404 	 	 426176.527077 
-21403 	 	 426176.527077 
-21402 	 	 426176.527077 
-21401 	 	 426176.527077 
-21400 	 	 426176.527077 
-21399 	 	 426176.527077 
-21398 	 	 426176.527077 
-21397 	 	 426176.527077 
-21396 	 	 426176.527077 
-21395 	 	 426176.527077 
-21394 	 	 426176.527077 
-21393 	 	 426176.527077 
-21392 	 	 426176.527077 
-21391 	 	 426176.527077 
-21390 	 	 426176.527077 
-21388 	 	 426176.527077 
-21387 	 	 426176.527077 
-21386 	 	 426176.527077 
-21385 	 	 426176.527077 
-21384 	 	 426176.527077 
-21383 	 	 426176.527077 
-21382 	 	 426176.527077 
-21381 	 	 426176.527077 
-21380 	 	 426176.527077 
-21379 	 	 426176.527077 
-21378 	 	 426176.527077 
-21377 	 	 426176.527077 
-21376 	 	 426176.527077 
-21375 	 	 426176.527077 
-21374 	 	 426176.527077 
-21373 	 	 426176.527077 
-21372 	 	 426176.527077 
-21370 	 	 426176.527077 
-21369 	 	 426176.527077 
-21368 	 	 426176.527077 
-21367 	 	 426176.527077 
-21366 	 	 426176.527077 
-21365 	 	 426176.527077 
-21364 	 	 426176.527077 
-21363 	 	 426176.527077 
-21362 	 	 426176.527077 
-21361 	 	 426176.527077 
-21360 	 	 426176.527077 
-21359 	 	 426176.527077 
-21358 	 	 426176.527077 
-21357 	 	 426176.527077 
-21356 	 	 426176.527077 
-21355 	 	 426176.527077 
-21354 	 	 426176.527077 
-21352 	 	 426176.527077 
-21351 	 	 426176.527077 
-21350 	 	 426176.527077 
-21349 	 	 426176.527077 
-21348 	 	 426176.527077 
-21347 	 	 426176.527077 
-21346 	 	 426176.527077 
-21345 	 	 426176.527077 
-21344 	 	 426176.527077 
-21343 	 	 426176.527077 
-21342 	 	 426176.527077 
-21341 	 	 426176.527077 
-21340 	 	 426176.527077 
-21339 	 	 426176.527077 
-21338 	 	 426176.527077 
-21337 	 	 426176.527077 
-21336 	 	 426176.527077 
-21334 	 	 426176.527077 
-21333 	 	 426176.527077 
-21332 	 	 426176.527077 
-21331 	 	 426176.527077 
-21330 	 	 426176.527077 
-21329 	 	 426176.527077 
-21328 	 	 426176.527077 
-21327 	 	 426176.527077 
-21326 	 	 426176.527077 
-21325 	 	 426176.527077 
-21324 	 	 426176.527077 
-21323 	 	 426176.527077 
-21322 	 	 426176.527077 
-21321 	 	 426176.527077 
-21320 	 	 426176.527077 
-21319 	 	 426176.527077 
-21318 	 	 426176.527077 
-21316 	 	 426176.527077 
-21315 	 	 426176.527077 
-21314 	 	 426176.527077 
-21313 	 	 426176.527077 
-21312 	 	 426176.527077 
-21311 	 	 426176.527077 
-21310 	 	 426176.527077 
-21309 	 	 426176.527077 
-21308 	 	 426176.527077 
-21307 	 	 426176.527077 
-21306 	 	 426176.527077 
-21305 	 	 426176.527077 
-21304 	 	 426176.527077 
-21303 	 	 426176.527077 
-21302 	 	 426176.527077 
-21301 	 	 426176.527077 
-21300 	 	 426176.527077 
-21298 	 	 426176.527077 
-21297 	 	 426176.527077 
-21296 	 	 426176.527077 
-21295 	 	 426176.527077 
-21294 	 	 426176.527077 
-21293 	 	 426176.527077 
-21292 	 	 426176.527077 
-21291 	 	 426176.527077 
-21290 	 	 426176.527077 
-21289 	 	 426176.527077 
-21288 	 	 426176.527077 
-21287 	 	 426176.527077 
-21286 	 	 426176.527077 
-21285 	 	 426176.527077 
-21284 	 	 426176.527077 
-21283 	 	 426176.527077 
-21282 	 	 426176.527077 
-21280 	 	 426176.527077 
-21279 	 	 426176.527077 
-21278 	 	 426176.527077 
-21277 	 	 426176.527077 
-21276 	 	 426176.527077 
-21275 	 	 426176.527077 
-21274 	 	 426176.527077 
-21273 	 	 426176.527077 
-21272 	 	 426176.527077 
-21271 	 	 426176.527077 
-21270 	 	 426176.527077 
-21269 	 	 426176.527077 
-21268 	 	 426176.527077 
-21267 	 	 426176.527077 
-21266 	 	 426176.527077 
-21265 	 	 426176.527077 
-21264 	 	 426176.527077 
-21262 	 	 426176.527077 
-21261 	 	 426176.527077 
-21260 	 	 426176.527077 
-21259 	 	 426176.527077 
-21258 	 	 426176.527077 
-21257 	 	 426176.527077 
-21256 	 	 426176.527077 
-21255 	 	 426176.527077 
-21254 	 	 426176.527077 
-21253 	 	 426176.527077 
-21252 	 	 426176.527077 
-21251 	 	 426176.527077 
-21250 	 	 426176.527077 
-21249 	 	 426176.527077 
-21248 	 	 426176.527077 
-21247 	 	 426176.527077 
-21246 	 	 426176.527077 
-21244 	 	 426176.527077 
-21243 	 	 426176.527077 
-21242 	 	 426176.527077 
-21241 	 	 426176.527077 
-21240 	 	 426176.527077 
-21239 	 	 426176.527077 
-21238 	 	 426176.527077 
-21237 	 	 426176.527077 
-21236 	 	 426176.527077 
-21235 	 	 426176.527077 
-21234 	 	 426176.527077 
-21233 	 	 426176.527077 
-21232 	 	 426176.527077 
-21231 	 	 426176.527077 
-21230 	 	 426176.527077 
-21229 	 	 426176.527077 
-21228 	 	 426176.527077 
-21226 	 	 426176.527077 
-21225 	 	 426176.527077 
-21224 	 	 426176.527077 
-21223 	 	 426176.527077 
-21222 	 	 426176.527077 
-21221 	 	 426176.527077 
-21220 	 	 426176.527077 
-21219 	 	 426176.527077 
-21218 	 	 426176.527077 
-21217 	 	 426176.527077 
-21216 	 	 426176.527077 
-21215 	 	 426176.527077 
-21214 	 	 426176.527077 
-21213 	 	 426176.527077 
-21212 	 	 426176.527077 
-21211 	 	 426176.527077 
-21210 	 	 426176.527077 
-21208 	 	 426176.527077 
-21207 	 	 426176.527077 
-21206 	 	 426176.527077 
-21205 	 	 426176.527077 
-21204 	 	 426176.527077 
-21203 	 	 426176.527077 
-21202 	 	 426176.527077 
-21201 	 	 426176.527077 
-21200 	 	 426176.527077 
-21199 	 	 426176.527077 
-21198 	 	 426176.527077 
-21197 	 	 426176.527077 
-21196 	 	 426176.527077 
-21195 	 	 426176.527077 
-21194 	 	 426176.527077 
-21193 	 	 426176.527077 
-21192 	 	 426176.527077 
-21190 	 	 426176.527077 
-21189 	 	 426176.527077 
-21188 	 	 426176.527077 
-21187 	 	 426176.527077 
-21186 	 	 426176.527077 
-21185 	 	 426176.527077 
-21184 	 	 426176.527077 
-21183 	 	 426176.527077 
-21182 	 	 426176.527077 
-21181 	 	 426176.527077 
-21180 	 	 426176.527077 
-21179 	 	 426176.527077 
-21178 	 	 426176.527077 
-21177 	 	 426176.527077 
-21176 	 	 426176.527077 
-21175 	 	 426176.527077 
-21174 	 	 426176.527077 
-21172 	 	 426176.527077 
-21171 	 	 426176.527077 
-21170 	 	 426176.527077 
-21169 	 	 426176.527077 
-21168 	 	 426176.527077 
-21167 	 	 426176.527077 
-21166 	 	 426176.527077 
-21165 	 	 426176.527077 
-21164 	 	 426176.527077 
-21163 	 	 426176.527077 
-21162 	 	 426176.527077 
-21161 	 	 426176.527077 
-21160 	 	 426176.527077 
-21159 	 	 426176.527077 
-21158 	 	 426176.527077 
-21157 	 	 426176.527077 
-21156 	 	 426176.527077 
-21154 	 	 426176.527077 
-21153 	 	 426176.527077 
-21152 	 	 426176.527077 
-21151 	 	 426176.527077 
-21150 	 	 426176.527077 
-21149 	 	 426176.527077 
-21148 	 	 426176.527077 
-21147 	 	 426176.527077 
-21146 	 	 426176.527077 
-21145 	 	 426176.527077 
-21144 	 	 426176.527077 
-21143 	 	 426176.527077 
-21142 	 	 426176.527077 
-21141 	 	 426176.527077 
-21140 	 	 426176.527077 
-21139 	 	 426176.527077 
-21138 	 	 426176.527077 
-21136 	 	 426176.527077 
-21135 	 	 426176.527077 
-21134 	 	 426176.527077 
-21133 	 	 426176.527077 
-21132 	 	 426176.527077 
-21131 	 	 426176.527077 
-21130 	 	 426176.527077 
-21129 	 	 426176.527077 
-21128 	 	 426176.527077 
-21127 	 	 426176.527077 
-21126 	 	 426176.527077 
-21125 	 	 426176.527077 
-21124 	 	 426176.527077 
-21123 	 	 426176.527077 
-21122 	 	 426176.527077 
-21121 	 	 426176.527077 
-21120 	 	 426176.527077 
-21118 	 	 426176.527077 
-21117 	 	 426176.527077 
-21116 	 	 426176.527077 
-21115 	 	 426176.527077 
-21114 	 	 426176.527077 
-21113 	 	 426176.527077 
-21112 	 	 426176.527077 
-21111 	 	 426176.527077 
-21110 	 	 426176.527077 
-21109 	 	 426176.527077 
-21108 	 	 426176.527077 
-21107 	 	 426176.527077 
-21106 	 	 426176.527077 
-21105 	 	 426176.527077 
-21104 	 	 426176.527077 
-21103 	 	 426176.527077 
-21102 	 	 426176.527077 
-21100 	 	 426176.527077 
-21099 	 	 426176.527077 
-21098 	 	 426176.527077 
-21097 	 	 426176.527077 
-21096 	 	 426176.527077 
-21095 	 	 426176.527077 
-21094 	 	 426176.527077 
-21093 	 	 426176.527077 
-21092 	 	 426176.527077 
-21091 	 	 426176.527077 
-21090 	 	 426176.527077 
-21089 	 	 426176.527077 
-21088 	 	 426176.527077 
-21087 	 	 426176.527077 
-21086 	 	 426176.527077 
-21085 	 	 426176.527077 
-21084 	 	 426176.527077 
-21082 	 	 426176.527077 
-21081 	 	 426176.527077 
-21080 	 	 426176.527077 
-21079 	 	 426176.527077 
-21078 	 	 426176.527077 
-21077 	 	 426176.527077 
-21076 	 	 426176.527077 
-21075 	 	 426176.527077 
-21074 	 	 426176.527077 
-21073 	 	 426176.527077 
-21072 	 	 426176.527077 
-21071 	 	 426176.527077 
-21070 	 	 426176.527077 
-21069 	 	 426176.527077 
-21068 	 	 426176.527077 
-21067 	 	 426176.527077 
-21066 	 	 426176.527077 
-21064 	 	 426176.527077 
-21063 	 	 426176.527077 
-21062 	 	 426176.527077 
-21061 	 	 426176.527077 
-21060 	 	 426176.527077 
-21059 	 	 426176.527077 
-21058 	 	 426176.527077 
-21057 	 	 426176.527077 
-21056 	 	 426176.527077 
-21055 	 	 426176.527077 
-21054 	 	 426176.527077 
-21053 	 	 426176.527077 
-21052 	 	 426176.527077 
-21051 	 	 426176.527077 
-21050 	 	 426176.527077 
-21049 	 	 426176.527077 
-21048 	 	 426176.527077 
-21046 	 	 426176.527077 
-21045 	 	 426176.527077 
-21044 	 	 426176.527077 
-21043 	 	 426176.527077 
-21042 	 	 426176.527077 
-21041 	 	 426176.527077 
-21040 	 	 426176.527077 
-21039 	 	 426176.527077 
-21038 	 	 426176.527077 
-21037 	 	 426176.527077 
-21036 	 	 426176.527077 
-21035 	 	 426176.527077 
-21034 	 	 426176.527077 
-21033 	 	 426176.527077 
-21032 	 	 426176.527077 
-21031 	 	 426176.527077 
-21030 	 	 426176.527077 
-21028 	 	 426176.527077 
-21027 	 	 426176.527077 
-21026 	 	 426176.527077 
-21025 	 	 426176.527077 
-21024 	 	 426176.527077 
-21023 	 	 426176.527077 
-21022 	 	 426176.527077 
-21021 	 	 426176.527077 
-21020 	 	 426176.527077 
-21019 	 	 426176.527077 
-21018 	 	 426176.527077 
-21017 	 	 426176.527077 
-21016 	 	 426176.527077 
-21015 	 	 426176.527077 
-21014 	 	 426176.527077 
-21013 	 	 426176.527077 
-21012 	 	 426176.527077 
-21010 	 	 426176.527077 
-21009 	 	 426176.527077 
-21008 	 	 426176.527077 
-21007 	 	 426176.527077 
-21006 	 	 426176.527077 
-21005 	 	 426176.527077 
-21004 	 	 426176.527077 
-21003 	 	 426176.527077 
-21002 	 	 426176.527077 
-21001 	 	 426176.527077 
-21000 	 	 426176.527077 
-20999 	 	 426176.527077 
-20998 	 	 426176.527077 
-20997 	 	 426176.527077 
-20996 	 	 426176.527077 
-20995 	 	 426176.527077 
-20994 	 	 426176.527077 
-20992 	 	 426176.527077 
-20991 	 	 426176.527077 
-20990 	 	 426176.527077 
-20989 	 	 426176.527077 
-20988 	 	 426176.527077 
-20987 	 	 426176.527077 
-20986 	 	 426176.527077 
-20985 	 	 426176.527077 
-20984 	 	 426176.527077 
-20983 	 	 426176.527077 
-20982 	 	 426176.527077 
-20981 	 	 426176.527077 
-20980 	 	 426176.527077 
-20979 	 	 426176.527077 
-20978 	 	 426176.527077 
-20977 	 	 426176.527077 
-20976 	 	 426176.527077 
-20974 	 	 426176.527077 
-20973 	 	 426176.527077 
-20972 	 	 426176.527077 
-20971 	 	 426176.527077 
-20970 	 	 426176.527077 
-20969 	 	 426176.527077 
-20968 	 	 426176.527077 
-20967 	 	 426176.527077 
-20966 	 	 426176.527077 
-20965 	 	 426176.527077 
-20964 	 	 426176.527077 
-20963 	 	 426176.527077 
-20962 	 	 426176.527077 
-20961 	 	 426176.527077 
-20960 	 	 426176.527077 
-20959 	 	 426176.527077 
-20958 	 	 426176.527077 
-20956 	 	 426176.527077 
-20955 	 	 426176.527077 
-20954 	 	 426176.527077 
-20953 	 	 426176.527077 
-20952 	 	 426176.527077 
-20951 	 	 426176.527077 
-20950 	 	 426176.527077 
-20949 	 	 426176.527077 
-20948 	 	 426176.527077 
-20947 	 	 426176.527077 
-20946 	 	 426176.527077 
-20945 	 	 426176.527077 
-20944 	 	 426176.527077 
-20943 	 	 426176.527077 
-20942 	 	 426176.527077 
-20941 	 	 426176.527077 
-20940 	 	 426176.527077 
-20938 	 	 426176.527077 
-20937 	 	 426176.527077 
-20936 	 	 426176.527077 
-20935 	 	 426176.527077 
-20934 	 	 426176.527077 
-20933 	 	 426176.527077 
-20932 	 	 426176.527077 
-20931 	 	 426176.527077 
-20930 	 	 426176.527077 
-20929 	 	 426176.527077 
-20928 	 	 426176.527077 
-20927 	 	 426176.527077 
-20926 	 	 426176.527077 
-20925 	 	 426176.527077 
-20924 	 	 426176.527077 
-20923 	 	 426176.527077 
-20922 	 	 426176.527077 
-20920 	 	 426176.527077 
-20919 	 	 426176.527077 
-20918 	 	 426176.527077 
-20917 	 	 426176.527077 
-20916 	 	 426176.527077 
-20915 	 	 426176.527077 
-20914 	 	 426176.527077 
-20913 	 	 426176.527077 
-20912 	 	 426176.527077 
-20911 	 	 426176.527077 
-20910 	 	 426176.527077 
-20909 	 	 426176.527077 
-20908 	 	 426176.527077 
-20907 	 	 426176.527077 
-20906 	 	 426176.527077 
-20905 	 	 426176.527077 
-20904 	 	 426176.527077 
-20902 	 	 426176.527077 
-20901 	 	 426176.527077 
-20900 	 	 426176.527077 
-20899 	 	 426176.527077 
-20898 	 	 426176.527077 
-20897 	 	 426176.527077 
-20896 	 	 426176.527077 
-20895 	 	 426176.527077 
-20894 	 	 426176.527077 
-20893 	 	 426176.527077 
-20892 	 	 426176.527077 
-20891 	 	 426176.527077 
-20890 	 	 426176.527077 
-20889 	 	 426176.527077 
-20888 	 	 426176.527077 
-20887 	 	 426176.527077 
-20886 	 	 426176.527077 
-20884 	 	 426176.527077 
-20883 	 	 426176.527077 
-20882 	 	 426176.527077 
-20881 	 	 426176.527077 
-20880 	 	 426176.527077 
-20879 	 	 426176.527077 
-20878 	 	 426176.527077 
-20877 	 	 426176.527077 
-20876 	 	 426176.527077 
-20875 	 	 426176.527077 
-20874 	 	 426176.527077 
-20873 	 	 426176.527077 
-20872 	 	 426176.527077 
-20871 	 	 426176.527077 
-20870 	 	 426176.527077 
-20869 	 	 426176.527077 
-20868 	 	 426176.527077 
-20866 	 	 426176.527077 
-20865 	 	 426176.527077 
-20864 	 	 426176.527077 
-20863 	 	 426176.527077 
-20862 	 	 426176.527077 
-20861 	 	 426176.527077 
-20860 	 	 426176.527077 
-20859 	 	 426176.527077 
-20858 	 	 426176.527077 
-20857 	 	 426176.527077 
-20856 	 	 426176.527077 
-20855 	 	 426176.527077 
-20854 	 	 426176.527077 
-20853 	 	 426176.527077 
-20852 	 	 426176.527077 
-20851 	 	 426176.527077 
-20850 	 	 426176.527077 
-20848 	 	 426176.527077 
-20847 	 	 426176.527077 
-20846 	 	 426176.527077 
-20845 	 	 426176.527077 
-20844 	 	 426176.527077 
-20843 	 	 426176.527077 
-20842 	 	 426176.527077 
-20841 	 	 426176.527077 
-20840 	 	 426176.527077 
-20839 	 	 426176.527077 
-20838 	 	 426176.527077 
-20837 	 	 426176.527077 
-20836 	 	 426176.527077 
-20835 	 	 426176.527077 
-20834 	 	 426176.527077 
-20833 	 	 426176.527077 
-20832 	 	 426176.527077 
-20830 	 	 426176.527077 
-20829 	 	 426176.527077 
-20828 	 	 426176.527077 
-20827 	 	 426176.527077 
-20826 	 	 426176.527077 
-20825 	 	 426176.527077 
-20824 	 	 426176.527077 
-20823 	 	 426176.527077 
-20822 	 	 426176.527077 
-20821 	 	 426176.527077 
-20820 	 	 426176.527077 
-20819 	 	 426176.527077 
-20818 	 	 426176.527077 
-20817 	 	 426176.527077 
-20816 	 	 426176.527077 
-20815 	 	 426176.527077 
-20814 	 	 426176.527077 
-20812 	 	 426176.527077 
-20811 	 	 426176.527077 
-20810 	 	 426176.527077 
-20809 	 	 426176.527077 
-20808 	 	 426176.527077 
-20807 	 	 426176.527077 
-20806 	 	 426176.527077 
-20805 	 	 426176.527077 
-20804 	 	 426176.527077 
-20803 	 	 426176.527077 
-20802 	 	 426176.527077 
-20801 	 	 426176.527077 
-20800 	 	 426176.527077 
-20799 	 	 426176.527077 
-20798 	 	 426176.527077 
-20797 	 	 426176.527077 
-20796 	 	 426176.527077 
-20794 	 	 426176.527077 
-20793 	 	 426176.527077 
-20792 	 	 426176.527077 
-20791 	 	 426176.527077 
-20790 	 	 426176.527077 
-20789 	 	 426176.527077 
-20788 	 	 426176.527077 
-20787 	 	 426176.527077 
-20786 	 	 426176.527077 
-20785 	 	 426176.527077 
-20784 	 	 426176.527077 
-20783 	 	 426176.527077 
-20782 	 	 426176.527077 
-20781 	 	 426176.527077 
-20780 	 	 426176.527077 
-20779 	 	 426176.527077 
-20778 	 	 426176.527077 
-20776 	 	 426176.527077 
-20775 	 	 426176.527077 
-20774 	 	 426176.527077 
-20773 	 	 426176.527077 
-20772 	 	 426176.527077 
-20771 	 	 426176.527077 
-20770 	 	 426176.527077 
-20769 	 	 426176.527077 
-20768 	 	 426176.527077 
-20767 	 	 426176.527077 
-20766 	 	 426176.527077 
-20765 	 	 426176.527077 
-20764 	 	 426176.527077 
-20763 	 	 426176.527077 
-20762 	 	 426176.527077 
-20761 	 	 426176.527077 
-20760 	 	 426176.527077 
-20758 	 	 426176.527077 
-20757 	 	 426176.527077 
-20756 	 	 426176.527077 
-20755 	 	 426176.527077 
-20754 	 	 426176.527077 
-20753 	 	 426176.527077 
-20752 	 	 426176.527077 
-20751 	 	 426176.527077 
-20750 	 	 426176.527077 
-20749 	 	 426176.527077 
-20748 	 	 426176.527077 
-20747 	 	 426176.527077 
-20746 	 	 426176.527077 
-20745 	 	 426176.527077 
-20744 	 	 426176.527077 
-20743 	 	 426176.527077 
-20742 	 	 426176.527077 
-20740 	 	 426176.527077 
-20739 	 	 426176.527077 
-20738 	 	 426176.527077 
-20737 	 	 426176.527077 
-20736 	 	 426176.527077 
-20735 	 	 426176.527077 
-20734 	 	 426176.527077 
-20733 	 	 426176.527077 
-20732 	 	 426176.527077 
-20731 	 	 426176.527077 
-20730 	 	 426176.527077 
-20729 	 	 426176.527077 
-20728 	 	 426176.527077 
-20727 	 	 426176.527077 
-20726 	 	 426176.527077 
-20725 	 	 426176.527077 
-20724 	 	 426176.527077 
-20722 	 	 426176.527077 
-20721 	 	 426176.527077 
-20720 	 	 426176.527077 
-20719 	 	 426176.527077 
-20718 	 	 426176.527077 
-20717 	 	 426176.527077 
-20716 	 	 426176.527077 
-20715 	 	 426176.527077 
-20714 	 	 426176.527077 
-20713 	 	 426176.527077 
-20712 	 	 426176.527077 
-20711 	 	 426176.527077 
-20710 	 	 426176.527077 
-20709 	 	 426176.527077 
-20708 	 	 426176.527077 
-20707 	 	 426176.527077 
-20706 	 	 426176.527077 
-20704 	 	 426176.527077 
-20703 	 	 426176.527077 
-20702 	 	 426176.527077 
-20701 	 	 426176.527077 
-20700 	 	 426176.527077 
-20699 	 	 426176.527077 
-20698 	 	 426176.527077 
-20697 	 	 426176.527077 
-20696 	 	 426176.527077 
-20695 	 	 426176.527077 
-20694 	 	 426176.527077 
-20693 	 	 426176.527077 
-20692 	 	 426176.527077 
-20691 	 	 426176.527077 
-20690 	 	 426176.527077 
-20689 	 	 426176.527077 
-20688 	 	 426176.527077 
-20686 	 	 426176.527077 
-20685 	 	 426176.527077 
-20684 	 	 426176.527077 
-20683 	 	 426176.527077 
-20682 	 	 426176.527077 
-20681 	 	 426176.527077 
-20680 	 	 426176.527077 
-20679 	 	 426176.527077 
-20678 	 	 426176.527077 
-20677 	 	 426176.527077 
-20676 	 	 426176.527077 
-20675 	 	 426176.527077 
-20674 	 	 426176.527077 
-20673 	 	 426176.527077 
-20672 	 	 426176.527077 
-20671 	 	 426176.527077 
-20670 	 	 426176.527077 
-20668 	 	 426176.527077 
-20667 	 	 426176.527077 
-20666 	 	 426176.527077 
-20665 	 	 426176.527077 
-20664 	 	 426176.527077 
-20663 	 	 426176.527077 
-20662 	 	 426176.527077 
-20661 	 	 426176.527077 
-20660 	 	 426176.527077 
-20659 	 	 426176.527077 
-20658 	 	 426176.527077 
-20657 	 	 426176.527077 
-20656 	 	 426176.527077 
-20655 	 	 426176.527077 
-20654 	 	 426176.527077 
-20653 	 	 426176.527077 
-20652 	 	 426176.527077 
-20650 	 	 426176.527077 
-20649 	 	 426176.527077 
-20648 	 	 426176.527077 
-20647 	 	 426176.527077 
-20646 	 	 426176.527077 
-20645 	 	 426176.527077 
-20644 	 	 426176.527077 
-20643 	 	 426176.527077 
-20642 	 	 426176.527077 
-20641 	 	 426176.527077 
-20640 	 	 426176.527077 
-20639 	 	 426176.527077 
-20638 	 	 426176.527077 
-20637 	 	 426176.527077 
-20636 	 	 426176.527077 
-20635 	 	 426176.527077 
-20634 	 	 426176.527077 
-20632 	 	 426176.527077 
-20631 	 	 426176.527077 
-20630 	 	 426176.527077 
-20629 	 	 426176.527077 
-20628 	 	 426176.527077 
-20627 	 	 426176.527077 
-20626 	 	 426176.527077 
-20625 	 	 426176.527077 
-20624 	 	 426176.527077 
-20623 	 	 426176.527077 
-20622 	 	 426176.527077 
-20621 	 	 426176.527077 
-20620 	 	 426176.527077 
-20619 	 	 426176.527077 
-20618 	 	 426176.527077 
-20617 	 	 426176.527077 
-20616 	 	 426176.527077 
-20614 	 	 426176.527077 
-20613 	 	 426176.527077 
-20612 	 	 426176.527077 
-20611 	 	 426176.527077 
-20610 	 	 426176.527077 
-20609 	 	 426176.527077 
-20608 	 	 426176.527077 
-20607 	 	 426176.527077 
-20606 	 	 426176.527077 
-20605 	 	 426176.527077 
-20604 	 	 426176.527077 
-20603 	 	 426176.527077 
-20602 	 	 426176.527077 
-20601 	 	 426176.527077 
-20600 	 	 426176.527077 
-20599 	 	 426176.527077 
-20598 	 	 426176.527077 
-20596 	 	 426176.527077 
-20595 	 	 426176.527077 
-20594 	 	 426176.527077 
-20593 	 	 426176.527077 
-20592 	 	 426176.527077 
-20591 	 	 426176.527077 
-20590 	 	 426176.527077 
-20589 	 	 426176.527077 
-20588 	 	 426176.527077 
-20587 	 	 426176.527077 
-20586 	 	 426176.527077 
-20585 	 	 426176.527077 
-20584 	 	 426176.527077 
-20583 	 	 426176.527077 
-20582 	 	 426176.527077 
-20581 	 	 426176.527077 
-20580 	 	 426176.527077 
-20578 	 	 426176.527077 
-20577 	 	 426176.527077 
-20576 	 	 426176.527077 
-20575 	 	 426176.527077 
-20574 	 	 426176.527077 
-20573 	 	 426176.527077 
-20572 	 	 426176.527077 
-20571 	 	 426176.527077 
-20570 	 	 426176.527077 
-20569 	 	 426176.527077 
-20568 	 	 426176.527077 
-20567 	 	 426176.527077 
-20566 	 	 426176.527077 
-20565 	 	 426176.527077 
-20564 	 	 426176.527077 
-20563 	 	 426176.527077 
-20562 	 	 426176.527077 
-20560 	 	 426176.527077 
-20559 	 	 426176.527077 
-20558 	 	 426176.527077 
-20557 	 	 426176.527077 
-20556 	 	 426176.527077 
-20555 	 	 426176.527077 
-20554 	 	 426176.527077 
-20553 	 	 426176.527077 
-20552 	 	 426176.527077 
-20551 	 	 426176.527077 
-20550 	 	 426176.527077 
-20549 	 	 426176.527077 
-20548 	 	 426176.527077 
-20547 	 	 426176.527077 
-20546 	 	 426176.527077 
-20545 	 	 426176.527077 
-20544 	 	 426176.527077 
-20542 	 	 426176.527077 
-20541 	 	 426176.527077 
-20540 	 	 426176.527077 
-20539 	 	 426176.527077 
-20538 	 	 426176.527077 
-20537 	 	 426176.527077 
-20536 	 	 426176.527077 
-20535 	 	 426176.527077 
-20534 	 	 426176.527077 
-20533 	 	 426176.527077 
-20532 	 	 426176.527077 
-20531 	 	 426176.527077 
-20530 	 	 426176.527077 
-20529 	 	 426176.527077 
-20528 	 	 426176.527077 
-20527 	 	 426176.527077 
-20526 	 	 426176.527077 
-20524 	 	 426176.527077 
-20523 	 	 426176.527077 
-20522 	 	 426176.527077 
-20521 	 	 426176.527077 
-20520 	 	 426176.527077 
-20519 	 	 426176.527077 
-20518 	 	 426176.527077 
-20517 	 	 426176.527077 
-20516 	 	 426176.527077 
-20515 	 	 426176.527077 
-20514 	 	 426176.527077 
-20513 	 	 426176.527077 
-20512 	 	 426176.527077 
-20511 	 	 426176.527077 
-20510 	 	 426176.527077 
-20509 	 	 426176.527077 
-20508 	 	 426176.527077 
-20506 	 	 426176.527077 
-20505 	 	 426176.527077 
-20504 	 	 426176.527077 
-20503 	 	 426176.527077 
-20502 	 	 426176.527077 
-20501 	 	 426176.527077 
-20500 	 	 426176.527077 
-20499 	 	 426176.527077 
-20498 	 	 426176.527077 
-20497 	 	 426176.527077 
-20496 	 	 426176.527077 
-20495 	 	 426176.527077 
-20494 	 	 426176.527077 
-20493 	 	 426176.527077 
-20492 	 	 426176.527077 
-20491 	 	 426176.527077 
-20490 	 	 426176.527077 
-20488 	 	 426176.527077 
-20487 	 	 426176.527077 
-20486 	 	 426176.527077 
-20485 	 	 426176.527077 
-20484 	 	 426176.527077 
-20483 	 	 426176.527077 
-20482 	 	 426176.527077 
-20481 	 	 426176.527077 
-20480 	 	 426176.527077 
-20479 	 	 426176.527077 
-20478 	 	 426176.527077 
-20477 	 	 426176.527077 
-20476 	 	 426176.527077 
-20475 	 	 426176.527077 
-20474 	 	 426176.527077 
-20473 	 	 426176.527077 
-20472 	 	 426176.527077 
-20470 	 	 426176.527077 
-20469 	 	 426176.527077 
-20468 	 	 426176.527077 
-20467 	 	 426176.527077 
-20466 	 	 426176.527077 
-20465 	 	 426176.527077 
-20464 	 	 426176.527077 
-20463 	 	 426176.527077 
-20462 	 	 426176.527077 
-20461 	 	 426176.527077 
-20460 	 	 426176.527077 
-20459 	 	 426176.527077 
-20458 	 	 426176.527077 
-20457 	 	 426176.527077 
-20456 	 	 426176.527077 
-20455 	 	 426176.527077 
-20454 	 	 426176.527077 
-20452 	 	 426176.527077 
-20451 	 	 426176.527077 
-20450 	 	 426176.527077 
-20449 	 	 426176.527077 
-20448 	 	 426176.527077 
-20447 	 	 426176.527077 
-20446 	 	 426176.527077 
-20445 	 	 426176.527077 
-20444 	 	 426176.527077 
-20443 	 	 426176.527077 
-20442 	 	 426176.527077 
-20441 	 	 426176.527077 
-20440 	 	 426176.527077 
-20439 	 	 426176.527077 
-20438 	 	 426176.527077 
-20437 	 	 426176.527077 
-20436 	 	 426176.527077 
-20434 	 	 426176.527077 
-20433 	 	 426176.527077 
-20432 	 	 426176.527077 
-20431 	 	 426176.527077 
-20430 	 	 426176.527077 
-20429 	 	 426176.527077 
-20428 	 	 426176.527077 
-20427 	 	 426176.527077 
-20426 	 	 426176.527077 
-20425 	 	 426176.527077 
-20424 	 	 426176.527077 
-20423 	 	 426176.527077 
-20422 	 	 426176.527077 
-20421 	 	 426176.527077 
-20420 	 	 426176.527077 
-20419 	 	 426176.527077 
-20418 	 	 426176.527077 
-20416 	 	 426176.527077 
-20415 	 	 426176.527077 
-20414 	 	 426176.527077 
-20413 	 	 426176.527077 
-20412 	 	 426176.527077 
-20411 	 	 426176.527077 
-20410 	 	 426176.527077 
-20409 	 	 426176.527077 
-20408 	 	 426176.527077 
-20407 	 	 426176.527077 
-20406 	 	 426176.527077 
-20405 	 	 426176.527077 
-20404 	 	 426176.527077 
-20403 	 	 426176.527077 
-20402 	 	 426176.527077 
-20401 	 	 426176.527077 
-20400 	 	 426176.527077 
-20398 	 	 426176.527077 
-20397 	 	 426176.527077 
-20396 	 	 426176.527077 
-20395 	 	 426176.527077 
-20394 	 	 426176.527077 
-20393 	 	 426176.527077 
-20392 	 	 426176.527077 
-20391 	 	 426176.527077 
-20390 	 	 426176.527077 
-20389 	 	 426176.527077 
-20388 	 	 426176.527077 
-20387 	 	 426176.527077 
-20386 	 	 426176.527077 
-20385 	 	 426176.527077 
-20384 	 	 426176.527077 
-20383 	 	 426176.527077 
-20382 	 	 426176.527077 
-20380 	 	 426176.527077 
-20379 	 	 426176.527077 
-20378 	 	 426176.527077 
-20377 	 	 426176.527077 
-20376 	 	 426176.527077 
-20375 	 	 426176.527077 
-20374 	 	 426176.527077 
-20373 	 	 426176.527077 
-20372 	 	 426176.527077 
-20371 	 	 426176.527077 
-20370 	 	 426176.527077 
-20369 	 	 426176.527077 
-20368 	 	 426176.527077 
-20367 	 	 426176.527077 
-20366 	 	 426176.527077 
-20365 	 	 426176.527077 
-20364 	 	 426176.527077 
-20362 	 	 426176.527077 
-20361 	 	 426176.527077 
-20360 	 	 426176.527077 
-20359 	 	 426176.527077 
-20358 	 	 426176.527077 
-20357 	 	 426176.527077 
-20356 	 	 426176.527077 
-20355 	 	 426176.527077 
-20354 	 	 426176.527077 
-20353 	 	 426176.527077 
-20352 	 	 426176.527077 
-20351 	 	 426176.527077 
-20350 	 	 426176.527077 
-20349 	 	 426176.527077 
-20348 	 	 426176.527077 
-20347 	 	 426176.527077 
-20346 	 	 426176.527077 
-20344 	 	 426176.527077 
-20343 	 	 426176.527077 
-20342 	 	 426176.527077 
-20341 	 	 426176.527077 
-20340 	 	 426176.527077 
-20339 	 	 426176.527077 
-20338 	 	 426176.527077 
-20337 	 	 426176.527077 
-20336 	 	 426176.527077 
-20335 	 	 426176.527077 
-20334 	 	 426176.527077 
-20333 	 	 426176.527077 
-20332 	 	 426176.527077 
-20331 	 	 426176.527077 
-20330 	 	 426176.527077 
-20329 	 	 426176.527077 
-20328 	 	 426176.527077 
-20326 	 	 426176.527077 
-20325 	 	 426176.527077 
-20324 	 	 426176.527077 
-20323 	 	 426176.527077 
-20322 	 	 426176.527077 
-20321 	 	 426176.527077 
-20320 	 	 426176.527077 
-20319 	 	 426176.527077 
-20318 	 	 426176.527077 
-20317 	 	 426176.527077 
-20316 	 	 426176.527077 
-20315 	 	 426176.527077 
-20314 	 	 426176.527077 
-20313 	 	 426176.527077 
-20312 	 	 426176.527077 
-20311 	 	 426176.527077 
-20310 	 	 426176.527077 
-20308 	 	 426176.527077 
-20307 	 	 426176.527077 
-20306 	 	 426176.527077 
-20305 	 	 426176.527077 
-20304 	 	 426176.527077 
-20303 	 	 426176.527077 
-20302 	 	 426176.527077 
-20301 	 	 426176.527077 
-20300 	 	 426176.527077 
-20299 	 	 426176.527077 
-20298 	 	 426176.527077 
-20297 	 	 426176.527077 
-20296 	 	 426176.527077 
-20295 	 	 426176.527077 
-20294 	 	 426176.527077 
-20293 	 	 426176.527077 
-20292 	 	 426176.527077 
-20290 	 	 426176.527077 
-20289 	 	 426176.527077 
-20288 	 	 426176.527077 
-20287 	 	 426176.527077 
-20286 	 	 426176.527077 
-20285 	 	 426176.527077 
-20284 	 	 426176.527077 
-20283 	 	 426176.527077 
-20282 	 	 426176.527077 
-20281 	 	 426176.527077 
-20280 	 	 426176.527077 
-20279 	 	 426176.527077 
-20278 	 	 426176.527077 
-20277 	 	 426176.527077 
-20276 	 	 426176.527077 
-20275 	 	 426176.527077 
-20274 	 	 426176.527077 
-20272 	 	 426176.527077 
-20271 	 	 426176.527077 
-20270 	 	 426176.527077 
-20269 	 	 426176.527077 
-20268 	 	 426176.527077 
-20267 	 	 426176.527077 
-20266 	 	 426176.527077 
-20265 	 	 426176.527077 
-20264 	 	 426176.527077 
-20263 	 	 426176.527077 
-20262 	 	 426176.527077 
-20261 	 	 426176.527077 
-20260 	 	 426176.527077 
-20259 	 	 426176.527077 
-20258 	 	 426176.527077 
-20257 	 	 426176.527077 
-20256 	 	 426176.527077 
-20254 	 	 426176.527077 
-20253 	 	 426176.527077 
-20252 	 	 426176.527077 
-20251 	 	 426176.527077 
-20250 	 	 426176.527077 
-20249 	 	 426176.527077 
-20248 	 	 426176.527077 
-20247 	 	 426176.527077 
-20246 	 	 426176.527077 
-20245 	 	 426176.527077 
-20244 	 	 426176.527077 
-20243 	 	 426176.527077 
-20242 	 	 426176.527077 
-20241 	 	 426176.527077 
-20240 	 	 426176.527077 
-20239 	 	 426176.527077 
-20238 	 	 426176.527077 
-20236 	 	 426176.527077 
-20235 	 	 426176.527077 
-20234 	 	 426176.527077 
-20233 	 	 426176.527077 
-20232 	 	 426176.527077 
-20231 	 	 426176.527077 
-20230 	 	 426176.527077 
-20229 	 	 426176.527077 
-20228 	 	 426176.527077 
-20227 	 	 426176.527077 
-20226 	 	 426176.527077 
-20225 	 	 426176.527077 
-20224 	 	 426176.527077 
-20223 	 	 426176.527077 
-20222 	 	 426176.527077 
-20221 	 	 426176.527077 
-20220 	 	 426176.527077 
-20218 	 	 426176.527077 
-20217 	 	 426176.527077 
-20216 	 	 426176.527077 
-20215 	 	 426176.527077 
-20214 	 	 426176.527077 
-20213 	 	 426176.527077 
-20212 	 	 426176.527077 
-20211 	 	 426176.527077 
-20210 	 	 426176.527077 
-20209 	 	 426176.527077 
-20208 	 	 426176.527077 
-20207 	 	 426176.527077 
-20206 	 	 426176.527077 
-20205 	 	 426176.527077 
-20204 	 	 426176.527077 
-20203 	 	 426176.527077 
-20202 	 	 426176.527077 
-20200 	 	 426176.527077 
-20199 	 	 426176.527077 
-20198 	 	 426176.527077 
-20197 	 	 426176.527077 
-20196 	 	 426176.527077 
-20195 	 	 426176.527077 
-20194 	 	 426176.527077 
-20193 	 	 426176.527077 
-20192 	 	 426176.527077 
-20191 	 	 426176.527077 
-20190 	 	 426176.527077 
-20189 	 	 426176.527077 
-20188 	 	 426176.527077 
-20187 	 	 426176.527077 
-20186 	 	 426176.527077 
-20185 	 	 426176.527077 
-20184 	 	 426176.527077 
-20182 	 	 426176.527077 
-20181 	 	 426176.527077 
-20180 	 	 426176.527077 
-20179 	 	 426176.527077 
-20178 	 	 426176.527077 
-20177 	 	 426176.527077 
-20176 	 	 426176.527077 
-20175 	 	 426176.527077 
-20174 	 	 426176.527077 
-20173 	 	 426176.527077 
-20172 	 	 426176.527077 
-20171 	 	 426176.527077 
-20170 	 	 426176.527077 
-20169 	 	 426176.527077 
-20168 	 	 426176.527077 
-20167 	 	 426176.527077 
-20166 	 	 426176.527077 
-20164 	 	 426176.527077 
-20163 	 	 426176.527077 
-20162 	 	 426176.527077 
-20161 	 	 426176.527077 
-20160 	 	 426176.527077 
-20159 	 	 426176.527077 
-20158 	 	 426176.527077 
-20157 	 	 426176.527077 
-20156 	 	 426176.527077 
-20155 	 	 426176.527077 
-20154 	 	 426176.527077 
-20153 	 	 426176.527077 
-20152 	 	 426176.527077 
-20151 	 	 426176.527077 
-20150 	 	 426176.527077 
-20149 	 	 426176.527077 
-20148 	 	 426176.527077 
-20146 	 	 426176.527077 
-20145 	 	 426176.527077 
-20144 	 	 426176.527077 
-20143 	 	 426176.527077 
-20142 	 	 426176.527077 
-20141 	 	 426176.527077 
-20140 	 	 426176.527077 
-20139 	 	 426176.527077 
-20138 	 	 426176.527077 
-20137 	 	 426176.527077 
-20136 	 	 426176.527077 
-20135 	 	 426176.527077 
-20134 	 	 426176.527077 
-20133 	 	 426176.527077 
-20132 	 	 426176.527077 
-20131 	 	 426176.527077 
-20130 	 	 426176.527077 
-20128 	 	 426176.527077 
-20127 	 	 426176.527077 
-20126 	 	 426176.527077 
-20125 	 	 426176.527077 
-20124 	 	 426176.527077 
-20123 	 	 426176.527077 
-20122 	 	 426176.527077 
-20121 	 	 426176.527077 
-20120 	 	 426176.527077 
-20119 	 	 426176.527077 
-20118 	 	 426176.527077 
-20117 	 	 426176.527077 
-20116 	 	 426176.527077 
-20115 	 	 426176.527077 
-20114 	 	 426176.527077 
-20113 	 	 426176.527077 
-20112 	 	 426176.527077 
-20110 	 	 426176.527077 
-20109 	 	 426176.527077 
-20108 	 	 426176.527077 
-20107 	 	 426176.527077 
-20106 	 	 426176.527077 
-20105 	 	 426176.527077 
-20104 	 	 426176.527077 
-20103 	 	 426176.527077 
-20102 	 	 426176.527077 
-20101 	 	 426176.527077 
-20100 	 	 426176.527077 
-20099 	 	 426176.527077 
-20098 	 	 426176.527077 
-20097 	 	 426176.527077 
-20096 	 	 426176.527077 
-20095 	 	 426176.527077 
-20094 	 	 426176.527077 
-20092 	 	 426176.527077 
-20091 	 	 426176.527077 
-20090 	 	 426176.527077 
-20089 	 	 426176.527077 
-20088 	 	 426176.527077 
-20087 	 	 426176.527077 
-20086 	 	 426176.527077 
-20085 	 	 426176.527077 
-20084 	 	 426176.527077 
-20083 	 	 426176.527077 
-20082 	 	 426176.527077 
-20081 	 	 426176.527077 
-20080 	 	 426176.527077 
-20079 	 	 426176.527077 
-20078 	 	 426176.527077 
-20077 	 	 426176.527077 
-20076 	 	 426176.527077 
-20074 	 	 426176.527077 
-20073 	 	 426176.527077 
-20072 	 	 426176.527077 
-20071 	 	 426176.527077 
-20070 	 	 426176.527077 
-20069 	 	 426176.527077 
-20068 	 	 426176.527077 
-20067 	 	 426176.527077 
-20066 	 	 426176.527077 
-20065 	 	 426176.527077 
-20064 	 	 426176.527077 
-20063 	 	 426176.527077 
-20062 	 	 426176.527077 
-20061 	 	 426176.527077 
-20060 	 	 426176.527077 
-20059 	 	 426176.527077 
-20058 	 	 426176.527077 
-20056 	 	 426176.527077 
-20055 	 	 426176.527077 
-20054 	 	 426176.527077 
-20053 	 	 426176.527077 
-20052 	 	 426176.527077 
-20051 	 	 426176.527077 
-20050 	 	 426176.527077 
-20049 	 	 426176.527077 
-20048 	 	 426176.527077 
-20047 	 	 426176.527077 
-20046 	 	 426176.527077 
-20045 	 	 426176.527077 
-20044 	 	 426176.527077 
-20043 	 	 426176.527077 
-20042 	 	 426176.527077 
-20041 	 	 426176.527077 
-20040 	 	 426176.527077 
-20038 	 	 426176.527077 
-20037 	 	 426176.527077 
-20036 	 	 426176.527077 
-20035 	 	 426176.527077 
-20034 	 	 426176.527077 
-20033 	 	 426176.527077 
-20032 	 	 426176.527077 
-20031 	 	 426176.527077 
-20030 	 	 426176.527077 
-20029 	 	 426176.527077 
-20028 	 	 426176.527077 
-20027 	 	 426176.527077 
-20026 	 	 426176.527077 
-20025 	 	 426176.527077 
-20024 	 	 426176.527077 
-20023 	 	 426176.527077 
-20022 	 	 426176.527077 
-20020 	 	 426176.527077 
-20019 	 	 426176.527077 
-20018 	 	 426176.527077 
-20017 	 	 426176.527077 
-20016 	 	 426176.527077 
-20015 	 	 426176.527077 
-20014 	 	 426176.527077 
-20013 	 	 426176.527077 
-20012 	 	 426176.527077 
-20011 	 	 426176.527077 
-20010 	 	 426176.527077 
-20009 	 	 426176.527077 
-20008 	 	 426176.527077 
-20007 	 	 426176.527077 
-20006 	 	 426176.527077 
-20005 	 	 426176.527077 
-20004 	 	 426176.527077 
-20002 	 	 426176.527077 
-20001 	 	 426176.527077 
-20000 	 	 426176.527077 
